TimeStamp;GazeX;GazeY
525168084,893731;99,7667688345426;94,7892828770517
525168098,303631;99,2213497323316;102,576398747986
525168115,06761;69,8989216746154;120,232238946308
525168129,779284;69,7428833117279;127,141288828114
525168142,0187;76,9110875042141;140,243670344396
525168159,727791;83,256847296156;154,277609693103
525168188,086285;79,7726411772577;151,772070707256
525168204,743778;80,6969739086118;149,517960978279
525168219,880112;78,6037856132981;138,465282552963
525168231,732074;85,917897488122;150,544024197215
525168264,886264;90,0736164515968;149,397706726081
525168276,949914;88,9931011956307;149,320020087245
525168309,769679;102,274894648649;161,40915915532
525168355,021731;111,77480146907;167,368828077427
525168366,982317;101,407326383985;161,76196101684
525168384,749996;100,42821050042;159,891064495076
525168399,648983;100,846382562506;160,29572274494
525168411,35426;103,331806423587;160,115649530209
525168444,728691;102,893144430712;162,532454919265
525168456,746154;101,83702504111;164,543121204324
525168491,194848;104,579135779531;167,354204826429
525168501,454232;105,954678870855;167,929665765585
525168534,693953;107,784532610983;167,244119586534
525168546,642564;133,06736571442;164,065898678545
525168579,56796;172,668270800053;161,156245369125
525168591,467391;186,632131060558;152,368952398821
525168637,517443;188,111722500926;155,629382128569
525168654,741148;184,218073646118;156,780731951644
525168669,797938;171,570829534986;134,901723672979
525168681,47884;171,417262334938;143,307387000851
525168699,669895;163,982347101355;139,014788531837
525168714,851132;170,718881542235;150,179781307469
525168726,591477;169,130517184639;150,381863212716
525168745,023728;159,632915727079;156,050474992645
525168759,603258;161,13514813827;163,322905482771
525168790,651687;155,772327607726;148,951298924357
525168804,676979;160,027764378799;143,421330500636
525168816,393803;160,764623716243;141,364165617689
525168834,776019;159,347381775044;140,625742138046
525168849,833665;161,784194296037;143,708079749217
525168861,4919;171,906223048241;143,42329654869
525168879,636341;173,197154976872;142,922654392831
525168894,693132;170,174126208548;142,413715311364
525168907,104463;163,909079987047;144,07313465062
525168940,603341;159,265846889671;142,957115003338
525168951,692798;133,485251777637;151,982522453904
525168969,659336;116,838715527385;144,25183541531
525168984,639577;109,389063424293;147,707275835134
525168997,116339;112,737098458175;154,376122894906
525169014,680028;107,273569678035;153,228292117433
525169029,703461;101,888147136117;160,868536954778
525169042,025841;101,396181242813;166,175060366822
525169059,764013;95,9739095557976;169,31507461258
525169087,82315;90,9527042594811;175,841322085412
525169104,619203;92,2832918514647;178,990077259635
525169119,587469;91,1630324605239;179,130291213194
525169131,566872;112,113354047825;195,919651891778
525169149,696345;182,757992959806;188,707103051908
525169164,521348;211,409695583249;185,575219147349
525169176,561049;208,773745295015;188,03738277706
525169194,779902;212,001644875555;184,848625785858
525169209,758432;217,605192936783;180,087233361519
525169241,273857;226,642459222392;177,261864167597
525169254,672638;227,339558489724;178,416010423679
525169266,756816;226,449536469818;189,755978454304
525169285,163836;226,11967667868;191,217619247099
525169299,711292;224,622520220943;181,344905381051
525169311,803595;240,673650574021;176,054458528197
525169329,629435;245,919086611957;169,519758907781
525169344,97318;248,545566144217;175,180474930365
525169356,838399;252,347747710399;179,970935571235
525169390,78845;274,923681783424;171,129285411684
525169401,903139;284,933301362552;171,444660630722
525169419,791417;267,39356696631;179,139670617674
525169704,403581;342,763710322342;121,250446917835
525169716,903009;351,25426765502;151,121535944949
525169734,382451;345,350344953413;153,645494788967
525169749,644514;341,207326891618;155,753668888989
525169761,449007;349,802775048869;153,759700967855
525169779,674274;373,237265735718;168,281593241792
525169794,59336;404,89563385749;161,760040023243
525169806,935412;413,580256573091;162,733405743598
525169840,675058;421,025674373485;168,026991721727
525169851,852612;412,327182215126;172,252471215855
525169870,103967;392,964808690472;153,315880694945
525169885,094898;328,033390488345;170,907511746723
525169896,731323;88,2753219191199;196,008443883661
525169914,685032;70,9992024420085;204,007806044913
525169929,710176;58,5153388109105;188,553028071181
525169941,52536;55,8609919915091;184,508990371349
525169959,774148;6,47683579622126;163,778858759591
525169987,775125;12,0504735501797;157,907430696919
525170005,083506;25,1350865519423;159,950769874343
525170019,794325;26,4190846268976;158,428889382207
525170031,810933;41,4246125262168;170,147286115114
525170064,698268;44,1526612778265;170,484484134262
525170076,724284;57,1919164790347;181,530866604868
525170094,933729;51,0803696204188;181,597704630527
525170109,586387;47,7208549713684;182,618583254256
525170140,799035;73,1210185455514;199,641398864367
525170154,99325;95,0865779264977;205,569661130965
525170166,95298;92,833857260161;204,431635704085
525170184,649669;122,728576368574;214,101562882239
525170199,696196;136,507172817089;217,863206221079
525170211,893701;136,67331651002;217,614596874962
525170229,586541;130,368032553541;221,360904415777
525170244,749389;138,143007467998;222,768959386512
525170257,238554;140,149245251458;222,951213478338
525170290,72118;152,950065136175;223,613269892538
525170301,93423;153,557746194928;224,925179751462
525170319,517591;149,99543337136;222,797425575173
525170334,485857;146,505164860983;211,750325301337
525170347,066539;146,051837034898;201,786240928576
525170364,574633;130,165899741694;211,281489684633
525170379,551452;131,322292818239;209,165231881768
525170391,444041;137,422829433278;207,029699427058
525170409,53246;131,880867358104;216,718058337102
525170438,240347;136,538451633996;210,42230991035
525170454,586082;134,207784263104;211,7576052175
525170469,636885;137,397428471634;212,213493932738
525170482,090981;164,402466477393;202,136103847575
525170499,579831;168,506103460102;196,90102799892
525170514,830348;176,037614355228;190,363807429254
525170526,560857;177,306435574893;190,563735037259
525170544,680922;168,150861356255;186,940478910603
525170559,709487;175,494528473674;188,511385923094
525170590,86098;171,346086563669;184,579324796429
525170604,772944;168,867475023244;187,302514282445
525170616,92854;172,179185769317;185,973823219673
525170636,739543;175,560904078652;186,859673474137
525170649,661492;175,933128207852;186,006606197326
525170662,213521;179,644166755669;187,170966743018
525170679,916197;176,450938415662;185,56423895001
525170694,739489;172,422076934501;183,473966034445
525170706,874129;196,611427232722;182,861272387787
525170741,072647;218,221088516787;181,698724837175
525170751,935876;233,581984681959;183,475396393983
525170769,896855;263,038424803672;195,647091716931
525170784,8416;269,653886890841;195,648231680665
525170797,190494;278,98301235339;189,705809360211
525170814,695595;281,930398277734;187,984924382804
525170829,863147;273,006050997374;190,004656416813
525170842,119668;278,518798091108;190,619517581465
525170859,637171;274,124253074797;185,602184979367
525170887,682196;276,833730778924;190,929907596192
525170904,614242;310,305444965468;235,174462751546
525170919,580798;301,413362939657;221,705807524261
525170931,455853;303,574364598248;227,809018264841
525170949,594307;297,706261369239;217,18664368897
525170964,498426;297,106258594067;218,585578762267
525170976,635204;309,092988843871;190,364704549444
525170995,02298;301,538175350268;207,123630649407
525171009,436581;319,156582225666;199,470446684845
525171040,664196;337,403324840065;214,840161732446
525171054,69633;358,595453909402;205,711238723222
525171066,860479;368,266028557554;208,57445446729
525171084,532364;372,901375780929;211,094125987573
525171099,658006;375,620911807259;210,739983014547
525171111,941897;371,296258485949;205,596997265538
525171129,667239;366,604132411172;198,206812269463
525171144,584187;364,482358133224;194,564862255494
525171157,098583;361,231911482285;191,613729775724
525171190,685129;359,870828193443;191,806243878989
525171201,848143;342,290947161894;203,374361049322
525171234,668764;286,592190296422;213,466243390415
525171246,88808;273,269660699428;216,124933001183
525171279,750183;199,43841179139;235,588851716634
525171291,905778;198,722054288281;238,877695988975
525171337,532881;154,073197049413;259,545765707351
525171354,387522;160,781505257081;260,680072203987
525171369,356216;137,792279989868;244,992971230196
525171381,572538;139,914445257656;241,527185798706
525171399,465948;159,769290945873;221,4737864402
525171414,54412;153,088694805024;228,189414485762
525171426,727085;148,304810912602;233,078723413126
525171444,668819;136,845442037669;233,677089159122
525171459,488262;137,939712862332;235,070161223236
525171490,588009;123,271383192445;232,964925768395
525171504,402897;128,676034632552;232,719045217922
525171516,698334;142,660419968627;238,280172788736
525171534,827808;151,619160284283;240,948317057743
525171549,523659;140,948577705058;238,154959163173
525171561,500496;142,347284447837;238,577689127239
525171579,538879;134,558038571813;240,281708059814
525171594,620473;137,289554491106;243,98254832729
525171607,140856;134,851114139337;242,069502162039
525171640,612792;125,829498818858;239,291489112304
525171651,805314;123,982879529741;241,012681438994
525171671,272484;119,132355377723;237,212655050107
525171684,47369;118,138073033021;237,348187726859
525171696,452237;117,654517582476;240,197986767942
525171714,562039;101,959415377571;246,375140171107
525171729,411418;105,999232883472;243,544769480129
525171741,836434;103,955717976491;245,153090270856
525171759,451014;103,063444233461;241,905261025761
525171787,964746;119,310974707876;246,116337573894
525171804,721455;111,743871192954;242,394528541048
525171819,645673;108,897887058273;247,713632564061
525171831,530564;104,656244440384;312,458448055915
525171849,436375;78,3553644811397;322,661926581617
525171864,423031;82,2588596779991;326,541530962199
525171876,478555;84,1618397641996;329,399259129232
525171894,559704;84,7984971490297;330,951994364745
525171909,572446;91,6457388453395;333,440221104467
525171940,776112;74,9796867039716;327,639116369031
525171955,103327;69,8305947836095;327,459599180696
525171966,646097;76,8507961978235;322,62642079882
525171984,625892;74,8711102265342;323,23926354734
525172000,230077;81,7184570329485;320,823613241212
525172012,016181;75,6795492429686;318,323268627948
525172030,032326;80,1779547360667;309,465922094968
525172044,608435;92,4506371524896;309,039362355284
525172056,843146;91,3852562631886;310,154989347187
525172090,584503;104,725062612282;301,848599242915
525172101,522571;102,360823456811;304,620980110566
525172119,865443;96,300916094914;301,649979617793
525172134,668208;88,7384883019314;297,422166952686
525172146,747681;102,971629440018;307,383627098314
525172164,472595;82,1452587703996;295,710597070504
525172179,751765;90,5120872551691;297,082009443389
525172191,699093;101,769458146133;296,90940342954
525172209,496281;112,174757581047;297,259571769145
525172238,057482;108,268719784115;296,525821345803
525172254,434864;112,728480050306;289,7854442323
525172269,519023;122,331770702287;288,543551253328
525172281,633564;120,025368140474;287,371432222896
525172299,561186;105,562476923358;282,501236462008
525172314,509352;106,974165325748;281,823305176175
525172326,64442;169,305407054186;282,696120547882
525172344,748662;182,406015661761;288,010693827786
525172359,518497;188,939913464675;283,440489455905
525172390,938556;193,326913906141;279,15684882235
525172404,790221;198,595207059588;268,636446224712
525172416,581885;217,891240233747;248,775214085085
525172434,588622;234,964939790795;225,126815790235
525172449,606923;221,761783536215;235,967587352724
525172461,673139;215,553384788179;253,385499477674
525172479,42414;196,66231643161;246,270662025745
525172495,05484;182,990442008769;257,09170964427
525172506,930751;146,51028638906;270,124623342601
525172540,443313;142,147823185213;275,25318243684
525172551,60034;166,437043459219;258,935566807359
525172569,322261;160,783314005133;259,809811962191
525172584,629227;170,046493123779;253,145560387711
525172840,407348;207,939530019685;302,440232836168
525172854,341122;199,379690575787;284,464743658809
525172884,383712;191,232944867576;282,747381179397
525172899,138152;198,625947350767;281,145249227623
525172929,229922;192,857636112083;296,249363824462
525172944,260625;193,679360571091;299,411537123475
525172990,295281;199,906510248183;297,303814665463
525173019,394042;228,968359415257;274,486176209877
525173034,476919;221,904938451969;271,567007183562
525173064,372824;213,492528680153;270,590168960344
525173079,412508;208,083124052085;270,468948594812
525173091,327335;213,290348128577;274,214177317553
525173109,297722;201,988172864672;277,333457532251
525173137,944454;219,660230481675;311,807935716314
525173154,559182;220,976521354203;313,215901686695
525173169,393165;216,469577477746;301,094085173337
525173181,683899;246,564477459199;285,53465634931
525173199,661128;279,482531938453;275,411496656125
525173214,367243;257,529404726695;287,763609451016
525173226,660115;258,175034024138;291,281856480838
525173244,670273;256,5480614086;301,227189490859
525173259,675745;254,889043487792;303,532073782111
525173290,448338;254,409423627271;312,041708697657
525173304,56301;252,016791232577;313,460645918703
525173316,668997;252,262161516838;313,805968329825
525173334,504674;264,009766595046;325,052880309131
525173349,475506;264,481101544758;325,254206716543
525173361,675577;262,036155406331;323,036636658371
525173379,510825;250,312734703546;313,6404346785
525173394,552648;242,935587146728;309,426954082819
525173407,011449;243,114597270166;309,54166379915
525173440,552236;246,469424970379;294,087324535821
525173451,588665;251,336988787783;305,200438108747
525173469,72883;248,729989421171;292,799885146074
525173484,66716;254,379969808974;282,218128683451
525173496,487476;293,166434714557;285,439765762012
525173514,454014;297,501014018663;286,480589434406
525173529,592913;296,23570902765;288,304674515122
525173541,692059;323,643074074878;300,289126746469
525173559,378484;309,020194856791;295,424092007768
525173587,54539;314,980318673463;296,740414452928
525173604,592903;314,004058187489;294,718044119724
525173619,403793;313,558422823708;291,880847995594
525173631,469581;323,478695711488;284,392773425928
525173649,386083;315,608096975324;283,271172699341
525173664,736671;312,363989942201;283,146647118666
525173676,643372;320,701736837316;288,252363534438
525173694,389669;317,464671980757;292,700118277249
525173709,671405;318,876192693643;296,889843417093
525173740,512849;316,954301749395;303,270904978021
525173754,408135;316,546344054279;304,006758469185
525173766,328094;317,369821954031;309,174862130421
525173784,645307;309,85277613633;300,855428345962
525173799,547287;308,138868781632;295,265724659274
525173811,820059;302,186329668957;287,783551817462
525173829,756661;315,091379629986;293,899080043582
525173844,588079;316,104738616774;294,164195181069
525173856,746668;321,652269204273;295,780658015889
525173890,456806;333,311559995363;300,724485973246
525173901,597154;344,047607796041;306,287034679575
525173945,437525;335,141763956302;302,352966832087
525173946,724759;354,43499227172;304,493737542413
525173964,3975;351,038137726495;302,084228954519
525173979,453862;344,519958741423;299,017010222993
525173991,547876;351,39791148419;306,326483579305
525174009,444278;344,128845053383;301,078646113788
525174037,83057;331,498119868522;282,919284071329
525174054,361478;338,998420662112;295,611440695095
525174069,433664;344,802782281813;295,795771767213
525174081,433166;363,297705105684;305,713029241179
525174099,543395;394,133653009184;299,33068265638
525174114,835394;388,198742012515;296,577119629322
525174126,677093;402,46499486298;308,321486139744
525174144,478129;405,986595787278;313,604241078085
525174159,558868;414,109966280526;316,34833046562
525174190,554268;413,01638195523;311,892029795509
525174204,748055;418,362737201412;315,965252481684
525174216,995168;415,816768414026;308,38694917314
525174234,675606;415,05395855408;299,744766941646
525174249,61693;408,944649209343;291,529624446167
525174262,004313;409,360410156114;293,098593806717
525174429,189936;464,434977854331;419,550658870903
525174459,132028;428,962786817175;387,961619460104
525174504,366118;440,345257570886;373,662360564397
525174519,433172;441,770111939336;368,129733572837
525174729,141997;432,458938238189;289,319311984748
525174744,147468;444,879852054626;285,309632235169
525174756,154668;456,06804872678;287,910353128158
525174790,481909;486,131688095798;273,736437634853
525174801,679563;487,063809999773;273,024604681556
525174819,179532;488,501377002722;279,610028792081
525174834,264974;488,33548643236;277,184213840391
525174847,012441;471,809338870321;276,92744123203
525174864,301149;466,827616331675;278,084101317552
525174879,189017;467,694249717029;277,186115586065
525174891,599493;461,134492554296;288,136444619067
525174909,322697;462,196042481876;283,387658807944
525174937,827876;460,022495157017;284,93454910451
525174954,603401;443,537572476047;293,725086187718
525174969,392053;440,36618210948;296,426286165036
525174981,594691;444,010039508272;300,311477978049
525175000,089379;437,976076563845;301,185707600581
525175014,337051;439,162407905523;301,638001707772
525175026,380174;442,316728937683;297,186194005879
525175044,590046;440,002616888298;301,733133412632
525175059,322675;440,210963825345;302,003768361241
525175090,580226;441,208634213148;306,611413889168
525175104,520843;446,324951029658;309,317940696438
525175116,826972;447,779351118333;308,479012952285
525175134,68788;456,334269441399;305,326277066337
525175149,729275;486,584750991943;313,883186176226
525175161,947307;499,444256739023;311,229653318751
525175179,830453;503,031580028447;310,675404125349
525175194,855597;503,070290578114;306,846562441957
525175206,561729;505,101891536456;305,162878429013
525175240,505366;513,07571269799;295,125065751192
525175251,648707;513,029950643235;293,924153921658
525175269,406123;513,114809346395;292,500395078
525175284,606177;515,26647509252;305,205821297282
525175296,450869;510,685865403952;313,513596384799
525175314,580342;511,553472268324;308,551972345463
525175329,654666;511,325009878206;304,102733057988
525175341,374056;511,841578893046;301,391162783945
525175359,471456;511,597815330985;298,004929106142
525175387,71876;512,274305521123;295,549222356971
525175404,626431;513,297227195967;290,34056836135
525175419,284649;514,629061541101;287,08912970119
525175431,358135;513,983042833384;286,477264639662
525175449,456389;514,585808999067;285,95646549505
525175464,464427;514,129966334736;290,677382829862
525175476,926649;513,009549607003;307,839941530599
525175495,800666;513,207216452594;305,775904705132
525175509,367515;513,432317826137;302,279209151902
525175540,650297;525,888146253001;287,334934724633
525175554,408306;534,841428325254;282,989267618825
525175566,546796;548,275036155255;279,51471218571
525175584,680973;552,559395790648;276,705336174628
525175599,70013;554,475016970627;276,546909171512
525175611,325864;553,015917016071;277,403526406514
525175629,326186;534,9871344944;284,959743703335
525175644,419327;536,953169662012;282,024571369321
525175656,759241;538,983515404907;283,925215726431
525175690,444147;539,632668654827;282,73573940167
525175701,388631;538,996848160383;281,2128885554
525175719,439416;527,982243433191;258,848298433769
525175734,349949;441,795783954778;304,129913026317
525175764,394677;371,277922803044;300,918379800305
525175779,403143;350,36403617795;299,964928885851
525175791,752037;243,328330806944;281,042511356188
525175809,147659;48,2643922937461;276,212868777284
525175837,511712;62,4875171464399;260,964213920919
525175854,30691;58,5893842335633;265,63526321739
525175869,32008;45,4263072883941;264,276934107112
525175881,535119;49,8987442404108;255,190965875278
525175899,166805;46,7958379105049;259,538505425828
525175914,572987;46,6622595563014;272,342199887315
525175926,369782;52,6768846813809;262,056822524485
525175944,454352;55,8134576906112;277,230121660053
525175959,34564;62,0108648694849;285,309521121333
525175990,123365;72,4426647099525;291,542897826004
525176004,397551;97,6337595133306;282,160906529967
525176016,698121;107,365824579986;270,547073408801
525176034,231019;132,195075574891;235,234502744746
525176049,363076;110,171439706336;261,359610739214
525176079,221775;108,290810803197;263,293439081767
525176094,218266;103,923614599353;271,56777362054
525176106,387974;89,8313759541396;289,510122022376
525176140,331183;81,9954236963363;308,100553121649
525176169,284114;74,1624420731642;358,103718423404
525176184,346464;73,0745224799618;343,800068159284
525176196,532422;116,044353145968;330,216690422464
525176214,43524;118,941505725236;326,127289187158
525176229,205075;132,860750240111;324,92232993054
525176241,368796;165,148243443876;304,971432804137
525176259,263061;177,544951385352;293,205977754639
525176287,344436;168,623587683019;309,110038917086
525176304,57199;160,770578955601;297,857248850375
525176319,343536;152,584585879308;299,814559972509
525176331,472617;164,622613008983;304,043062169889
525176349,141081;151,112046557419;309,124498140635
525176364,38219;147,358353967868;309,729224123852
525176376,612197;161,954890586801;309,794280714173
525176394,375172;157,993129769486;308,4481359954
525176409,355412;158,397215839947;308,48284509649
525176440,199423;148,84705606904;311,093802920919
525176454,542889;151,464953167981;306,684228255179
525176466,205401;167,152593257332;297,573202768931
525176484,113778;164,998297537372;294,39794918499
525176499,735069;160,11126758009;301,89344286639
525176511,482684;157,572573598395;305,07700852863
525176529,168682;139,49305605887;312,273602135053
525176544,12754;143,839365074259;309,973266262614
525176556,132174;155,278668361895;303,511140992755
525176590,22164;158,285594646574;305,984150525435
525176601,214875;186,751733790197;290,763653597948
525176619,269937;199,972158434536;280,657129657887
525176634,294653;183,889889514965;287,967165564128
525176646,676477;195,268213282234;276,598904661893
525176663,997687;174,72678205821;292,938616269099
525176679,135304;180,678152174788;288,880072447766
525176691,150201;202,223813579778;279,137811470064
525176709,143681;198,638622518937;279,569277131631
525176754,226383;209,21116467858;292,128573759782
525176769,25452;203,662467497101;330,134555405066
525176799,469027;213,566928664939;348,446255861814
525176814,360743;211,985533309634;352,750554938006
525176844,304117;249,687626996734;316,740263523153
525176859,751782;262,500846330945;302,514390090207
525176890,235709;258,723055364316;302,708746944634
525176904,207545;259,536379592476;306,997732515204
525176934,224476;252,68354946471;305,372532915868
525176949,102507;249,788845850264;306,31151012234
525176979,13184;248,350823739386;306,633143188736
525176994,302813;245,860863558518;308,158727161459
525177040,223286;237,248284651881;308,845345936826
525177069,274577;228,77025767018;311,701987974043
525177084,171853;228,957817567979;311,729866148961
525177114,073745;231,814996996157;312,372846826509
525177129,223764;237,16643518176;312,681485716472
525177159,176547;255,541734561549;313,370119667423
525177187,294272;263,705680710267;314,220719275425
525177204,478206;300,748362854739;322,82578176483
525177219,438347;299,295832683125;324,391526257416
525177231,469495;298,593492715938;326,437282868953
525177249,440737;293,491509931276;331,613954820178
525177264,264885;290,124024268612;331,497898127597
525177276,556473;303,466370497609;335,184980787468
525177294,287375;302,798282314314;332,813366158685
525177309,270609;301,508244060681;332,766391297617
525177340,550397;290,952941359404;328,633087024421
525177354,381963;289,223973750351;328,292778017343
525177366,417816;301,29471149909;331,387344011085
525177384,543013;293,148241351568;328,93046292663
525177399,652832;289,588386747479;321,827410298357
525177411,379919;301,240594557675;325,969249501103
525177429,312245;300,255044611404;325,108755898648
525177444,301466;296,685657671766;324,121143708851
525177456,408737;307,190438079946;325,199316913394
525177490,297633;306,378365109258;323,913511127453
525177519,399388;289,235560050262;334,850702527007
525177534,176493;298,734783865849;331,953550695267
525177653,984203;274,534864050197;410,461129945592
525177669,107707;301,095672367126;423,648731080797
525177699,139178;280,358920118316;451,353952460929
525177713,96974;282,304557944386;440,464704023442
525177939,912682;354,107790969488;301,4853710529
525177969,068321;295,414308562992;390,89569191036
525177984,289329;309,005102224529;369,667254579345
525177996,828101;298,482010357957;343,361985323941
525178014,157865;306,440366306798;344,61598988846
525178029,043594;313,554000832106;347,523987270708
525178041,673028;317,467702207885;355,356697858699
525178059,28547;322,48667246821;362,939709833084
525178087,328356;339,20953294162;364,917173116819
525178104,423338;338,662436378179;356,344411370571
525178119,430521;339,122731999541;352,795026606692
525178131,764447;346,274928033119;355,510626646745
525178150,814229;344,089548405522;351,537662110161
525178164,393907;340,718223499699;349,733554009185
525178176,575162;330,785165488508;357,872079224552
525178194,607131;328,198756435607;366,169349429707
525178209,721654;338,181637017629;357,271613798768
525178240,394176;354,154759784725;337,578675274978
525178254,034581;363,029432010213;330,503673613777
525178266,386896;378,619707800045;320,244981831818
525178284,162274;377,307534716136;323,743724724792
525178299,346077;379,718293835791;324,30568480584
525178311,219421;380,596588569136;322,475152487061
525178329,258232;380,665187446038;318,003319863294
525178344,174325;381,888343986571;317,12085077057
525178356,265345;385,681945986712;317,143326359535
525178390,405701;384,493001104737;317,140371808204
525178401,945049;381,57050815189;317,36646354407
525178419,355639;380,179899803328;317,393604653927
525178434,36667;382,358294633361;323,065696905173
525178446,615921;378,281837847739;321,329129603041
525178464,375903;379,062757072518;323,16193668582
525178479,233407;371,679883967552;316,405683283367
525178491,262417;371,396131607087;317,299461751307
525178509,408997;374,051439448714;324,11331713577
525178537,400138;378,114346825851;326,609799316966
525178554,479297;379,321840335197;324,932293920952
525178569,563457;380,891110292061;324,457368661695
525178581,745139;395,018188287573;320,327119918067
525178599,665918;399,445904237932;322,995490834581
525178614,643592;404,490841559249;316,069109368325
525178626,383509;404,272278247309;313,592404942048
525178644,536504;403,510750664156;314,857594865778
525178659,442333;400,995240417693;319,388554564355
525178690,500597;402,043813633211;315,517462694628
525178704,478848;402,650307637075;315,884232215843
525178716,728954;407,595953991873;314,821267223338
525178734,61937;410,422343672601;317,329115339788
525178749,412299;410,874574099393;318,627893765805
525178761,721421;412,309842722812;321,122886928123
525178779,611409;416,647701565222;327,060373441085
525178794,648955;418,138348477477;322,544575799445
525178806,511608;418,855855097427;322,083125489477
525178840,184541;426,876263792845;317,286279253317
525178851,396307;439,395289978713;316,299108342759
525178869,335903;449,202640734401;324,46887512627
525178884,117285;448,732169769732;323,643622609043
525178896,748857;460,051418880747;335,523528148269
525178914,501997;459,799035295785;332,619554098329
525178929,228639;458,979852038974;330,073995629747
525178941,474469;462,226406436347;323,740328584392
525178959,707862;459,7323813004;321,751997644925
525178987,721241;459,458848989337;320,598719851693
525179004,382583;460,490274595967;318,029691836181
525179019,57836;460,532143558944;318,736207877029
525179031,465818;461,641400248688;318,406248756579
525179049,489661;464,162203118792;321,284688203259
525179064,243245;466,074042906152;324,27258671256
525179076,660136;461,948180635206;330,590475737214
525179094,490681;454,124770774544;325,994784068576
525179109,301998;452,81093958983;324,898565961385
525179140,57024;448,048670821406;320,415815333593
525179154,435163;443,214338365704;326,848412513462
525179166,866167;436,886436571332;344,295351180331
525179184,470055;436,70445841156;343,769795623771
525179199,661556;442,090311352127;341,458762747112
525179211,698264;448,15147327785;338,321692430457
525179229,432159;448,521153213857;338,826997980924
525179244,644614;456,191051090915;336,812230011321
525179256,357589;470,790002056696;337,334766462784
525179290,438502;462,464306847996;336,163895734198
525179301,206793;466,43358901534;337,752748671184
525179319,344819;480,399657951373;336,647202127532
525179334,453783;533,557497725231;329,590716591752
525179346,20097;533,330716337505;333,332398393512
525179364,383045;538,505898695629;334,138010711445
525179379,161433;536,381202002215;328,724255845547
525179391,223373;535,302880631177;330,740717848932
525179409,54529;530,182522676563;329,4595614895
525179437,22681;525,805023707664;328,951038493246
525179454,409461;522,962992817886;330,710759134368
525179469,438881;520,964149458226;332,955922085579
525179481,161265;521,571062818036;334,996051049673
525179499,465221;523,277267213938;335,354726316963
525179514,498062;524,024204840089;337,532717516896
525179526,414172;527,305053808333;343,904592268813
525179544,534665;530,470431591689;348,462630169047
525179559,289105;532,300199945634;346,880679230122
525179590,781437;537,036331317924;347,75293123431
525179604,631819;541,754007884186;343,946360557689
525179616,574871;539,922456357091;344,189214283452
525179634,536277;568,111772903461;328,656462010696
525179649,793209;563,524069175121;330,505623039765
525179661,662277;570,327311682359;327,178200280737
525179679,837081;575,992291543662;324,260825493541
525179694,914827;579,269991130172;317,455639954046
525179706,900644;580,945024126968;316,574989567913
525179740,672792;580,493279215606;321,363664696739
525179751,667738;581,014483088915;315,694663881629
525179769,643684;566,593419910629;310,11525194858
525179784,374175;522,539036343439;307,576036113883
525179796,305681;485,37861413541;304,850001612557
525179814,62546;383,014611835005;296,324077419715
525179829,326871;223,616729851347;291,295742371954
525179841,148042;153,615071691196;263,223818325319
525179859,321563;95,1090884871583;268,993235379509
525179887,253688;76,7115131768883;257,346877301879
525179904,730136;69,1155746753054;292,200306151021
525179919,24894;71,5874918237577;283,042549037031
525179931,164622;84,7799247410644;282,16974471222
525179949,06188;88,6535820998208;284,193740413509
525179964,282461;91,6184748492328;281,462592436247
525179994,252778;96,1199470827338;291,351486475694
525180009,080346;97,9398016628094;293,636966913831
525180040,233122;96,5746745126642;298,367579281368
525180054,199826;84,5740213505002;299,621151222669
525180084,504994;84,9594570515075;305,334559894815
525180099,28381;84,9706770798388;305,582580608016
525180111,452663;85,6348833908318;304,315797997703
525180129,105732;87,2761549717303;307,092604706968
525180144,242493;89,0102426314909;309,783619763584
525180156,541352;111,732613343634;302,883524857479
525180190,205731;113,605154535231;304,132843919532
525180219,228797;82,8345049342132;338,312781261421
525180234,224005;98,7541323211003;330,796914426157
525180246,451019;131,327586565776;332,167419024139
525180264,01984;139,515187353055;338,595152663723
525180279,07663;140,284655173332;338,011503857768
525180291,171499;154,083330217066;335,466731541581
525180309,054644;177,378416836294;330,934834526983
525180337,289975;167,688504485397;331,996532723264
525180354,037275;170,415589316257;328,416817096215
525180368,957644;158,143118739828;328,91184632814
525180381,327493;129,622560662082;342,636328882158
525180399,213633;139,625787360442;335,68606367937
525180414,585175;145,054625580147;341,623469118039
525180426,491021;179,647261543829;336,417577659901
525180444,539241;171,09722726643;344,132946848979
525180459,191044;155,728880327835;338,246569092888
525180490,458858;143,895115528953;333,353211954575
525180504,367829;144,885653403933;334,113784996012
525180516,48237;162,201093807173;332,204979210201
525180534,409564;162,117434348487;334,801820553433
525180549,586952;162,032778874628;336,308378701014
525180579,373378;176,730355837028;351,471547218938
525180594,432306;181,719065840352;355,444273793461
525180640,440876;205,598352354324;379,239504580182
525180669,544768;209,242650662511;369,300729544534
525180684,271838;221,557665032147;332,886225576729
525180713,997538;218,519001720525;339,910186098594
525180728,893103;213,843180150994;357,839901380386
525180759,033197;208,507556137036;377,003451157469
525180804,236069;219,669773152086;348,558723531029
525180819,486586;217,811710403922;333,934721973193
525180849,228964;218,600465688419;329,573809345136
525180864,454249;219,63673077504;327,8342541958
525180894,115801;223,782031177516;327,709641949059
525180909,054559;221,978863719163;328,900436194849
525180939,974692;250,993795558594;340,069951989183
525180953,908039;254,974531533554;337,905431571563
525180984,072509;253,065044453534;339,716223793235
525180999,351679;252,649699087889;339,460947297028
525181029,006388;253,48032931069;339,5333346197
525181044,1393;254,902031553525;338,834268754814
525181090,03112;258,786618042709;341,775076737972
525181101,231768;257,664774265139;340,82642755896
525181119,059746;252,332142571083;343,409996354368
525181134,071633;250,718554954977;342,496248620071
525181146,285389;250,793034640265;341,72544564868
525181164,226695;281,179773326954;354,323119103374
525181179,36089;281,982820290574;351,641232130007
525181191,389473;283,131965948154;352,465374762245
525181209,280744;293,541994825428;338,293164846448
525181237,15428;311,832473093078;331,576639305919
525181254,120967;337,4022911438;324,270358127672
525181269,217101;335,355648760294;323,919669804803
525181281,15331;329,144602875943;325,733293892857
525181299,48934;324,801272707942;330,136616135455
525181314,18177;321,019125722016;329,024560743553
525181326,658533;296,334262144532;335,204472376122
525181344,30818;284,273433123001;341,762917437018
525181359,290131;279,582438367739;344,361857479638
525181390,462151;277,684044930353;343,164401007208
525181404,236839;275,923208281991;344,022151234499
525181416,139264;276,627152997636;346,42502338447
525181434,255908;282,406522313312;346,993769269517
525181449,326811;276,251275351907;339,341029738117
525181461,676988;269,10740129081;341,072444318771
525181479,294562;286,120464588168;343,450026995102
525181494,199107;311,154929448314;348,263375550359
525181540,276101;343,360830258012;377,2096006863
525181569,239296;364,554053275329;380,446392308164
525181584,415829;363,854295789155;375,772490917243
525181596,540206;365,359520112068;373,616371184254
525181614,193702;367,225772510453;353,500472817431
525181629,053772;365,49126089641;349,041027804258
525181658,869278;354,785393289007;331,377220581056
525181687,699901;354,138487521152;331,730119437418
525181704,368513;304,618202197641;339,942231633003
525181719,285033;311,070023301776;339,216100490239
525181732,233497;305,897017018273;336,864473094592
525181749,266041;316,468134814695;335,504707221752
525181764,344214;334,121442187118;335,761263132333
525181776,542575;323,718508113829;328,206612314012
525181794,198637;328,659459337841;330,559935995756
525181809,244736;334,819493634717;330,716961091099
525181840,185396;364,849218697562;327,502196308072
525181854,119598;368,516424719738;328,126054835587
525181866,851669;392,064366175373;337,218883555869
525181884,684779;401,299211002127;340,580293567082
525181899,314772;396,906887068881;339,886989574715
525181911,635442;398,671299174954;340,758630501142
525181929,399272;407,697402028162;340,480307778781
525181944,28158;408,107771819611;341,093573328555
525181956,479085;412,262366762097;344,26791674878
525181990,432985;413,197237479058;354,585362386614
525182001,613961;413,865174225606;352,812162445933
525182019,210579;417,832262016235;350,505805681447
525182034,217762;419,294620836299;348,667753311151
525182046,302367;419,346422423205;347,342596013279
525182064,197059;420,259242658389;342,952127968767
525182079,359479;417,269605335812;342,54659851542
525182091,063901;412,175503708304;343,646622667773
525182109,135214;412,027547002734;342,425594032415
525182137,387223;409,625197934125;344,821324465787
525182154,261108;406,71338625089;358,555504849654
525182169,220821;405,273312818485;362,169677153857
525182181,089462;405,362704975091;360,274551874726
525182199,291636;407,35081329987;354,072527931757
525182214,516922;411,095927527187;351,526437213635
525182226,055842;412,069853345598;349,121538586564
525182244,232357;411,839844957614;343,35005230165
525182259,207466;407,926101282131;341,858673758438
525182290,267869;409,123183881298;340,215094192381
525182304,391093;408,873587066821;338,689576317213
525182316,316612;406,727928262111;338,110036328185
525182334,293413;405,811812952208;335,357655964422
525182349,386126;405,906830633779;332,395570227659
525182361,265458;404,566801184393;330,267380476252
525182379,44069;392,633499578475;327,247558722572
525182394,273818;391,191230917941;328,204179015238
525182439,859012;368,959976043543;341,638823666369
525182468,917573;374,417220416002;343,738737662577
525182483,959395;374,885143259878;340,003452612216
525182514,284664;384,800937152878;345,009642816174
525182529,182795;427,486336661622;401,176406946951
525182558,825102;429,303536524715;405,729639914942
525182586,87312;421,717753142788;387,265610679613
525182603,949286;422,306242199053;378,440722890858
525182618,71741;444,145227605996;364,564484092629
525182648,971688;441,340439766531;356,217432159238
525182663,939954;438,990603181757;400,771325908914
525182784,061989;461,615826464075;338,75827468536
525182890,118532;499,904266117126;373,796534516436
525182900,678556;553,464989849902;536,95551617867
525182918,805036;542,660209941605;494,676319019135
525182933,905447;537,483601864787;423,354184278312
525182946,131605;532,337324962209;406,673332284086
525182964,025014;531,390216397281;385,935057247303
525182978,993708;533,194192449475;376,979108590695
525182991,151869;520,741058194748;401,050468714387
525183009,023468;526,696206807376;377,581131008804
525183036,952172;476,787205043225;385,310296913075
525183054,165186;463,688511646733;385,118877703597
525183069,03552;462,713694405614;380,954184540841
525183080,872514;501,558465295627;423,010020141219
525183099,228216;492,511782420265;381,981741895923
525183114,164835;485,037939547599;381,008445531012
525183126,005678;517,003503871201;357,300866186442
525183144,233512;521,463187697842;355,419318267594
525183159,091016;517,358579611904;358,501486023488
525183190,332744;505,785433247714;362,361446068283
525183204,435441;505,387254155757;361,912951694629
525183216,311352;515,216984261506;356,443793291948
525183234,257362;537,248481216064;353,540037513009
525183249,527123;527,393122051158;356,171847226276
525183261,014298;549,95429808917;355,199177255874
525183279,256244;544,633398720658;354,790862314239
525183294,32287;542,343149412264;345,844758028001
525183306,215459;541,318629103217;346,09450162065
525183340,076558;539,350282373057;338,143841945181
525183351,059103;540,287683812687;340,066878980135
525183369,224927;542,614165829663;341,553140613078
525183384,040949;549,758825519893;343,976124934683
525183396,110586;550,218601353746;351,092754295058
525183414,213973;552,069885860911;350,932520630497
525183429,230991;549,632044047581;347,806648327542
525183440,956368;550,625439950648;347,684799781598
525183459,285555;542,189380126686;351,493706782434
525183487,049612;543,704579972764;356,239387289437
525183504,297694;542,593060083665;359,930175059379
525183519,066674;542,054306385438;364,300609833235
525183531,135884;541,879658138459;361,466646566317
525183549,399212;541,172382422769;350,561846678822
525183564,231913;531,099033902298;345,075582149628
525183576,480309;528,985905295262;344,951275654275
525183594,385692;532,187616215005;348,790343720521
525183609,15681;537,472401025767;351,137231528105
525183640,105168;539,366353698638;330,882638395138
525183654,435804;538,884978361614;334,124410645497
525183666,607223;542,468354815447;336,682875116753
525183684,211112;545,45664688493;338,050285172957
525183699,205464;545,537078885536;338,849965031655
525183711,021504;543,137245931241;340,491935315372
525183729,30536;540,895587817226;344,211297430096
525183744,247967;536,975089372677;344,417864308412
525183756,07598;532,469068298768;344,274043543083
525183790,322394;527,906809430597;351,421509960385
525183819,100416;533,932140313458;346,005697075472
525183834,200826;234,715495819406;370,895290132933
525183864,475204;167,347291503791;376,80586521742
525183879,638907;104,653088320258;371,814957811398
525183909,184565;143,670321275232;375,495729920243
525183954,264273;57,3075347773174;372,949986837557
525183968,966539;39,4771017762118;387,513338172797
525183981,231614;38,6432604583792;400,099821886705
525183998,814975;38,4356256264737;400,924921846412
525184014,024009;39,2012291879604;400,24026197292
525184044,124332;45,5822117473866;395,903642011389
525184059,113126;65,740476756117;380,875062974464
525184090,242808;61,945040416274;384,863332249884
525184104,088914;66,9956035177505;379,709593889944
525184133,975411;66,9062434301523;371,875486914665
525184149,009535;67,736742483867;367,02833951909
525184161,333626;66,6213540683815;367,646710054507
525184178,989688;63,2858157465322;372,166573840003
525184193,992594;69,3250892682156;375,584940748445
525184239,927179;82,8053991195141;382,530300294033
525184268,859583;99,1280852924374;397,880715303939
525184284,358139;98,8504098655949;395,819629306781
525184313,935015;107,068534883105;386,373097344817
525184330,550171;105,856690995764;380,47454482178
525184340,863011;103,592135488792;383,027758272825
525184358,95699;136,766992368154;398,894705886581
525184404,06535;145,486894265109;405,669094178014
525184418,773176;149,512037797107;409,170249517214
525184431,123353;160,724199348457;420,398716253461
525184448,951332;169,155273392639;425,187450680026
525184464,198855;172,930550140129;424,896990817859
525184494,406946;178,612299791397;420,785524665585
525184508,919763;180,024163816913;419,915118546501
525184540,175175;180,150157359324;414,568756466129
525184554,0324;170,161778623128;368,95294195114
525184566,050291;172,247050913173;363,528204568874
525184584,210128;171,429235926984;349,867323829821
525184599,011182;174,223795036679;352,190456435123
525184612,103336;185,76659483877;358,028835172484
525184628,974656;176,858357692356;365,213957787199
525184644,134083;182,714254050386;366,120830504846
525184656,7648;183,649610232578;366,276893605621
525184690,001527;178,097274720894;366,156965511432
525184701,170955;185,746484895881;366,730167322016
525184719,001927;209,138212411634;379,111475330708
525184734,016808;210,376851183036;379,197210858215
525184746,140329;218,059080447147;379,302584432358
525184764,358327;226,625980613902;379,730764540303
525184779,431368;223,448766281194;380,961858039578
525184791,444555;229,942953084956;382,658094647885
525184809,444449;235,551819560361;383,228459219549
525184837,751198;237,732403441496;378,522697119602
525184854,516887;236,962162586402;370,838710449605
525184869,06135;233,952816732278;369,806743958067
525184881,066411;227,827870525164;372,121870629031
525184899,164239;227,041584424981;365,574593194366
525184914,352318;233,344536251657;364,184506133582
525184925,890811;251,143906588954;352,58403406269
525184944,025844;251,381687061191;348,738286903824
525184959,07793;243,693781939286;350,251946818393
525184990,292288;213,738814943342;357,483416516835
525185004,096484;206,09669765649;355,372838758969
525185034,107855;207,834912580855;360,853185923376
525185049,283532;201,58965581866;353,156908145639
525185061,868491;207,283680270807;360,810005949463
525185079,088347;202,704930830294;357,878843225044
525185094,177639;194,303168374875;362,538289061363
525185106,058254;183,938310179305;373,359372307815
525185139,985212;183,799942545314;382,269473674955
525185168,833368;210,796804840556;389,636367772609
525185183,849104;241,082229300698;384,040560618647
525185213,898964;267,742862835994;368,548338999478
525185228,77058;265,293136200776;369,523546233392
525185241,066018;264,016840319543;370,443459846055
525185258,883733;259,504605024843;357,182463312293
525185287,198607;267,782966345774;370,12400107784
525185304,180261;274,166485898711;384,469283150301
525185318,760646;283,28929334588;404,972778628676
525185331,449524;279,762522939188;401,310517842873
525185348,818631;277,394916648075;388,843637477378
525185363,938286;260,393236058134;358,802652344823
525185376,361165;284,947408789234;359,339295774171
525185394,259278;281,582722528854;358,823948561998
525185409,015856;280,715079583595;358,509341827218
525185440,101918;254,0034110769;365,425955890821
525185453,95786;250,768191879282;367,011969941818
525185466,219941;257,148607352762;361,653692999151
525185484,171511;265,01004368882;357,688518519246
525185499,361301;271,707854338153;354,145849848285
525185510,917328;282,395259841107;354,997257687775
525185529,08529;289,76679431989;355,080482760349
525185544,210932;303,680423987461;354,079399924073
525185556,050492;312,311612737326;356,295155791549
525185590,110022;327,104281146011;366,049449650539
525185601,031412;327,915585848118;364,127630062269
525185619,549194;331,244129668643;365,358365033187
525185634,121882;331,938532139788;368,142851003291
525185646,126944;337,838057610537;381,422354058973
525185664,387706;334,516453605854;377,058070283935
525185679,198169;321,52955537875;367,955290155798
525185691,173295;325,267522426053;368,975211062061
525185709,184736;323,106341256088;364,07232104687
525185737,044587;322,014542592001;363,426888337325
525185754,007425;317,637987639761;367,033924462501
525185768,894865;335,255234726949;378,678741216087
525185781,26172;333,369543238252;376,49840681075
525185798,919921;333,397566967104;379,882018618504
525185814,19738;334,958646666211;382,47938646512
525185844,81003;327,906767122904;389,908220937114
525185859,091914;314,836893557877;388,498850422108
525185890,639841;113,193117785506;361,598284477145
525185904,218664;104,466565414292;368,343511401386
525185934,137235;99,5550490457845;368,858018720165
525185949,086684;96,5406767793983;376,781976508041
525185979,144242;128,379616539041;373,32773124355
525185994,288701;126,601358268559;373,500492838574
525186040,22799;128,779995978196;372,27516381501
525186068,765243;111,134557234468;368,225724857851
525186083,67877;101,815204107172;371,894667727556
525186114,015157;102,30178415979;370,742033912453
525186128,800388;98,0151150847725;375,157577430472
525186158,75873;104,851134912761;375,204921942434
525186203,959891;108,377106377585;375,726228938085
525186218,908913;110,332440231083;376,723069989788
525186248,784718;123,209075268433;383,259332046191
525186263,984772;127,228835706411;385,015568994222
525186294,11888;130,889296859858;389,839960923433
525186308,888715;133,909045291966;392,843477147751
525186339,960665;135,531850731971;394,147812529387
525186354,011188;137,615412464115;393,531378686015
525186383,965682;165,571154292464;389,856524116825
525186399,016485;179,239374426743;390,290918496051
525186428,826432;180,539050457274;390,090620210887
525186444,026913;177,613565483653;387,554436237944
525186489,920016;182,75803250654;384,262337302969
525186521,141216;181,714743370879;384,719871460746
525186533,979773;177,74072535973;384,344909254616
525186564,003118;175,516885285159;382,106687508459
525186579,305381;174,355809301197;382,236838655147
525186608,925878;172,902869397344;381,636894174076
525186653,936734;170,042871700502;383,201042679081
525186668,889177;170,053753595364;382,77542722063
525186680,753541;170,107589695103;379,947686272143
525186699,160561;183,473022593214;377,177208776322
525186713,991978;188,952004069347;378,615647794446
525186726,184352;195,61138580398;382,085373863888
525186744,243262;204,940163037289;394,223432514452
525186759,625496;205,713054411977;395,106393177578
525186790,058533;206,995603084972;393,081328975232
525186804,11761;209,555039234816;391,565060022937
525186816,032009;199,631577139843;375,130489690129
525186834,167897;208,683949159362;379,787353886894
525186849,05662;208,836841183554;381,777608059822
525186861,109151;206,422310483805;376,245896029122
525186879,129146;202,189201927906;372,486491219093
525186894,4019;208,474407518965;378,861557248424
525186906,164483;219,230383928161;375,695769070949
525186940,026438;227,226640055009;374,370935374481
525186950,9273;215,012033411857;388,959865891326
525186969,193623;228,827162714148;395,867349094694
525186984,183699;257,103774330841;395,522099961569
525186996,429529;256,289943929191;382,694529529721
525187014,012463;256,944614942353;389,496422224219
525187029,215082;256,809898435426;388,911175641255
525187041,45407;238,74870513309;387,894143206964
525187059,059669;249,731143879995;384,295165833809
525187086,928074;276,872408089957;372,174561931999
525187103,942657;258,930349425635;380,144990482887
525187119,011849;259,367782077899;383,02372820771
525187148,990719;289,209016652362;376,053907016162
525187164,187779;255,93652216296;399,0632689349
525187193,883115;258,454870463423;405,761096478374
525187208,790227;262,812575894796;411,608807359172
525187239,826681;258,499335017683;410,453048383933
525187253,627028;256,258645422879;413,664035640452
525187283,740181;260,387856415074;421,362593511232
525187298,779009;256,965812410938;421,755992468691
525187329,076052;261,621104335006;423,290167744919
525187343,635483;258,290427815293;421,529308247876
525187389,651322;257,754187989842;409,571584086023
525187418,529842;265,650684089858;425,552463356314
525187689,660688;264,920414000984;512,780523756999
525187733,808968;275,661255843996;496,087153713347
525187749,013726;275,661255843996;496,087153713347
525187761,131261;275,153158417725;426,285374227242
525187778,931014;256,095896080634;445,484207409313
525187793,740193;257,296068954559;411,648417798616
525187839,708563;265,646718607011;399,54665971132
525187850,688542;278,457978772298;404,083048158008
525187868,828279;271,14534528208;424,353280877132
525187883,847864;272,839315468455;422,84167912066
525187913,875486;279,638362950627;421,050649779923
525187928,743253;272,649592432787;419,771057154354
525187958,935094;276,310501564074;433,387814403975
525188003,762059;276,787837712024;433,36205052489
525188018,811152;284,514109707107;429,521491607014
525188031,165605;295,047416126927;419,903601874335
525188048,929008;289,250089707669;423,057363816784
525188063,87803;310,78040252111;420,115964608606
525188076,257715;301,008311110864;424,963928530099
525188093,911639;310,337475069532;421,928384888049
525188108,796085;311,129700271479;420,411003261599
525188140,013865;311,23484993308;415,561404321548
525188153,94935;326,648987063412;402,524303785743
525188166,174652;323,153296920853;405,980459875933
525188183,826866;326,966431498384;402,260159950804
525188198,676672;324,60078287545;405,015037221723
525188228,879204;325,784653255083;406,460419767502
525188243,827798;322,134252130021;404,519422118171
525188256,133499;301,149984975288;397,195054180824
525188289,96894;314,465970197258;417,123763366971
525188318,936839;319,967996233666;396,506883339529
525188334,085146;334,033815753756;393,544019213078
525188346,381012;342,883918549068;392,741195181224
525188364,071714;381,783402567182;378,599698980682
525188379,185809;383,455653415903;379,423077861336
525188409,066319;383,279656909493;382,291427453888
525188437,385042;369,952758593733;385,107343292383
525188453,892002;356,231843973257;387,336485581745
525188468,959483;356,962929985826;390,411844117049
525188499,147902;356,894907597835;390,43992346149
525188514,040046;370,43499603594;401,873151240958
525188544,3589;385,288069560488;395,529563308103
525188558,877703;386,81568277088;392,499989262849
525188590,204533;387,792194776454;391,462731170005
525188604,042941;384,510040692984;388,840892267659
525188634,054313;380,788086222354;383,767513547706
525188648,918232;401,708343735392;380,998625961914
525188678,869304;411,270884964087;380,103589348984
525188693,876914;421,270617943589;378,309753608541
525188706,158239;424,14543805489;383,569607324969
525188739,811927;455,840978201874;394,833857754238
525188750,47587;454,760183174439;392,868333730111
525188768,946611;453,854926254361;393,684923500345
525188783,778456;447,085907181576;396,860151916771
525188795,669762;454,964218656023;398,14070123445
525188813,867232;456,114388403511;399,154327306963
525188828,861157;453,603780551305;405,938906398138
525188840,610483;449,079925227417;407,864873132881
525188859,047011;445,300156935114;408,249624924778
525188886,860676;423,243235768665;402,153376888744
525188903,904339;424,274643975749;400,659830547083
525188919,150152;440,294307786716;400,3320037077
525188930,904609;436,521421344147;402,465679729134
525188948,877562;446,885032325867;401,461067151574
525188963,774838;446,988969682648;400,878871234637
525188975,59216;445,979857859262;403,329235643107
525188994,006022;457,62754309384;405,142542483204
525189008,615915;459,466064135663;400,182274904423
525189040,022717;464,184118649582;392,156032470972
525189053,722566;467,824657118461;390,556208317133
525189065,742167;463,696648091974;396,73528628398
525189084,219322;459,345289711355;389,717510011307
525189098,594007;461,485647612129;388,780512874215
525189111,247817;451,249479180938;392,649878682731
525189128,971449;446,594275305378;395,073176427391
525189143,782339;458,807655192628;395,148144160377
525189156,146628;463,453619061937;403,12428280851
525189189,90167;484,949485317061;401,914661947261
525189218,965791;502,468240521044;395,981204256391
525189233,86606;504,316083604738;384,450911548804
525189246,111035;504,348587126457;392,924018804461
525189263,820981;493,597524747957;384,30298191305
525189278,939353;494,398252916582;384,707963690717
525189290,947836;491,848372218886;386,481437344655
525189308,872037;485,640554795574;394,879906155571
525189336,894824;488,235839856626;392,786083791586
525189354,024873;493,507622429448;390,975729786705
525189369,060281;514,487537850515;378,355371266451
525189398,809929;506,523279217526;401,214505797209
525189413,87185;495,797711070676;427,724851374049
525189425,962015;505,329470735322;413,033209858728
525189443,824206;509,604141884693;396,430666058082
525189458,848494;508,241306916956;383,07402306473
525189490,020514;523,732382476885;370,422692320378
525189503,763128;534,750069227574;369,282658121953
525189515,683943;537,984370046906;369,518612745183
525189533,747985;558,299568231633;373,881165532456
525189549,019457;561,825550361097;377,958121109345
525189561,391872;560,45149837207;377,122271837233
525189578,938455;561,190395513879;375,96608079933
525189593,910998;564,369376567381;366,58144060031
525189605,819838;566,028946497453;364,541759694223
525189639,899895;567,290701892891;361,759219889137
525189650,585649;572,247065671813;386,602356668455
525189668,653113;577,73455617599;382,953246440283
525189683,839481;585,293525326827;404,405465552628
525189696,116103;579,707153291009;402,113068744512
525189713,888486;560,195563302893;410,219726020385
525189728,885405;475,445579486528;455,619254229863
525189758,92714;427,04171912448;460,044270923012
525189804,089812;53,5479758149185;403,021062768554
525189818,777111;53,0179696748662;382,998980473112
525189848,693543;42,0138808116109;381,327482274806
525189863,887609;34,1438934939434;375,220984200411
525189894,014875;23,2143929433389;403,641735191125
525189909,083639;13,4280205420035;402,470769550887
525189954,204829;36,7630273806242;388,996308363291
525189983,772725;26,4689531857175;396,559284844878
525189998,686251;35,0587908595944;395,067523613326
525190028,766047;59,4493144376286;393,024050231042
525190044,069165;59,0264358666725;405,481788835317
525190089,623995;68,8581618687973;394,942640462765
525190118,634659;75,934533442581;411,972622007557
525190133,622598;76,8413923150994;411,015260810705
525190163,50995;78,6405801471632;407,616227780302
525190178,621479;85,7357573188172;405,37417019784
525190191,019981;84,5188885598061;399,443053519735
525190208,782101;91,4428114699477;397,800086733425
525190253,558176;99,2093515087128;404,964966443724
525190268,570063;91,3554489661595;427,532409668523
525190298,565611;80,2066912678567;425,883857062313
525190539,405401;90,2990434301181;428,556985258681
525190568,725258;120,724501722441;494,257707637151
525190583,776916;126,938117675347;471,173956236059
525190613,810953;125,909764445525;476,996915366141
525190628,947286;136,256666185746;440,73192523326
525190658,683677;144,563574332976;399,981679246197
525190703,817697;136,995478208814;392,840889712375
525190718,559307;136,508686573902;391,300275881016
525190748,853357;130,211765002301;394,574037779588
525190763,606514;127,142294399046;397,121843164475
525190793,839409;132,015918680219;427,892163608843
525190808,883797;132,643126715326;430,104927381518
525190839,55076;143,365082074667;438,237641088734
525190853,702209;141,472224003956;436,392101150827
525190865,695724;133,305733815574;432,688459637351
525190883,734536;120,441802297239;428,036456431866
525190898,78876;120,313141254697;428,175884025939
525190928,701343;126,690059566399;422,974123981093
525190943,701683;142,484128007068;419,95054317279
525190989,590938;150,638166394956;410,886538960666
525191018,838094;165,590184425647;399,595741465414
525191033,841427;163,162371418095;409,186836730294
525191064,105969;172,489917844053;415,604627563527
525191078,818071;162,276395483738;420,813287079868
525191108,708844;162,928309968697;417,716140617133
525191153,675224;166,178656481996;407,847875800346
525191168,724744;171,015078654676;402,477545958648
525191198,647164;175,074955636936;402,271704349069
525191214,120488;175,748436411364;402,076518868092
525191243,667001;178,117666888081;403,218544724876
525191258,533485;177,879288216497;402,621836081925
525191289,7611;178,385071508188;405,794028580494
525191303,612766;178,114348362954;406,847084764082
525191333,751578;185,162382930792;406,869946472075
525191348,553914;186,956964304535;406,415276237373
525191378,980109;189,415918225459;406,102816687686
525191393,691783;184,750306961808;408,535930222485
525191405,791784;185,812781541593;407,787574582692
525191439,658015;185,662154713973;407,858204500089
525191450,549897;188,78208151865;406,170795697702
525191468,720853;194,80471986852;405,630494991643
525191484,486691;194,334422702308;405,54251898061
525191495,635592;208,606702169372;396,254847253458
525191513,691509;201,108136288712;401,630842361269
525191528,800473;198,51118219914;403,436719323004
525191540,938535;205,008270201872;402,802762131888
525191558,911487;219,613458266595;413,661329613439
525191603,460906;206,327227051446;421,863544185582
525191618,755899;227,725163439472;419,271050177377
525191632,178201;305,597808057075;427,622273275548
525191648,553016;297,420741019653;429,098547090301
525191663,723562;294,795494213432;429,755493107623
525191675,952286;311,547560779054;430,191828377578
525191693,488178;294,609221609531;430,848146751533
525191708,721588;300,226914323459;421,260696408271
525191739,555763;303,486622877802;425,14137171081
525191753,704219;290,588457362233;423,153338609841
525191765,60023;309,443759936038;396,934659554689
525191783,734835;289,932246530215;403,710207560301
525191798,677014;276,863258553479;408,575179925502
525191828,692234;270,332605140743;411,628545035641
525191844,147169;268,748564911442;413,799903852728
525191855,650167;283,256935854237;409,492141622547
525191889,928227;266,4867272003;421,43754055995
525191900,76537;278,703326464364;417,180312540332
525191918,885863;282,78465213301;427,481929591779
525191933,871235;286,410226330394;426,389533698303
525191945,852348;307,501731766743;427,758370237094
525191963,664503;308,704754541779;432,164454194343
525191978,740965;309,625743670277;435,399176618647
525192008,765166;321,000581955084;437,925069104897
525192036,768281;302,929318570969;428,78800864468
525192054,032614;274,898757814563;416,088278744319
525192069,031671;301,608215805994;424,090638902645
525192080,859257;274,594785633108;408,612480626597
525192098,727862;311,006103136196;408,540389222245
525192113,827417;320,560069663381;403,587623775926
525192126,153219;334,35079345449;410,74578132423
525192143,802011;329,012972590603;417,437065809996
525192159,120524;325,840287175408;414,834580412531
525192189,80502;335,756243604123;442,362925234495
525192203,835872;343,679740196556;460,071100136988
525192216,095815;360,139208449972;445,578817756714
525192234,091005;360,86740129606;427,002690782076
525192248,783863;361,312773724964;430,013915720864
525192261,17424;372,667556608904;415,711473479135
525192278,832013;380,077502508161;414,561761556609
525192294,374188;373,939387982044;410,419895708317
525192305,998212;388,27292478809;420,399743770274
525192340,1035;390,592812651258;432,289959602042
525192350,908997;384,634554757136;440,596973526281
525192368,863133;380,552728434646;451,688002255778
525192383,85492;380,77583769858;453,093576037301
525192396,015219;391,420683242009;463,555136936069
525192413,914616;394,11082334938;468,258883003001
525192428,93249;399,219255526123;470,618105404199
525192441,425503;387,797358721849;458,001561038972
525192459,133311;386,661698615639;455,955204686249
525192503,631839;388,792954615591;454,233848461027
525192518,6356;389,271627975141;447,527464718076
525192549,249534;414,026230580676;414,049623859796
525192563,731131;418,91671393044;401,086897895858
525192575,424007;442,416052695041;392,514163741622
525192593,878924;434,48270555297;390,298094892363
525192608,741987;426,823033403934;385,245850072657
525192639,967464;415,771699241958;388,998186031864
525192653,76439;410,649979358422;404,668692316952
525192683,647893;405,568844374016;403,362024198022
525192698,681162;404,584577316227;408,595292115614
525192710,433481;399,889538378451;421,773654028317
525192728,703225;455,786076165808;461,550065310683
525192743,809623;451,408966451925;457,137851513581
525192789,530382;466,014486234415;454,735545189834
525192800,778499;489,467521213517;452,941508615173
525192818,634275;466,063844403665;459,353062765353
525192833,789852;465,8826742849;459,946898522412
525192863,480912;466,87367092995;467,324995681169
525193043,876722;405,903512549213;563,280233587464
525193058,576849;432,119486651083;433,83853738664
525193089,635114;446,046482627367;455,769977960196
525193103,565467;483,719096064647;445,494064057187
525193313,370941;432,582411878691;548,031102830325
525193328,200648;461,037078617126;459,433094099098
525193340,228803;461,037078617126;459,433094099098
525193358,339887;469,434860147198;464,252020911094
525193403,560293;489,949002312169;469,08328335286
525193418,543099;499,178799669411;455,56369936371
525193448,766586;505,151781196079;411,419581128079
525193464,172341;503,44992384872;396,271135557554
525193493,600394;506,897583594322;395,499673176069
525193508,531454;520,393682733573;385,807000563657
525193540,736683;561,296855933478;392,791737093957
525193553,518362;552,772406555887;397,425338895133
525193583,534865;549,509353932382;407,278397031647
525193598,494578;556,942768919377;406,97910771173
525193628,715926;558,676514851009;410,309432713621
525193643,794954;554,537354210315;412,861141156824
525193689,754771;541,873574233988;411,956730305253
525193718,446407;545,775302038607;414,260905184722
525193733,32957;555,150614505393;411,643120042646
525193763,321697;550,699387122663;410,623656969297
525193778,348124;544,889937179215;408,100676493606
525193808,495061;555,768161648502;404,950013870449
525193836,920269;554,325190168375;405,51305583592
525193853,830505;538,342906254427;414,073309248729
525193868,563135;575,268355863001;395,326015934412
525193880,524148;569,954416834424;396,51393384261
525193898,623258;568,640704068203;392,725350137021
525193913,715544;571,113624076179;390,001718275259
525193925,520891;554,049837012905;402,091953513911
525193943,686715;561,271519876604;393,609072064387
525193958,723406;565,212443515913;391,759472701494
525193989,824008;587,782756748187;384,400156217676
525194003,683799;571,17051580866;389,81501213776
525194033,770437;517,867462874794;381,711478946952
525194049,039343;457,324336294419;380,228013289903
525194078,608521;241,654054194731;404,006128370821
525194093,986906;215,048879051996;406,666351198596
525194139,585784;28,3893458091695;428,654600348831
525194168,661452;33,5131042774785;429,173979160163
525194183,50356;57,2899164770863;430,564019677791
525194213,502957;62,2223847146304;432,859612538165
525194228,593532;59,550189447757;433,886199180997
525194240,914629;46,4726226154473;450,781824929123
525194258,706257;41,9330909900377;460,246251984038
525194303,401933;49,0538044757712;459,578643157796
525194318,385167;53,7321811858081;456,952946594552
525194330,216602;54,493344799726;452,494645633932
525194348,529538;70,7368734116445;445,450744025915
525194363,636364;72,6022417640827;446,108180234508
525194393,537401;84,1040275197577;449,302576626884
525194408,643798;102,409704190168;435,781093162819
525194439,67341;102,834591640525;431,43990628534
525194453,670905;108,666602727285;432,178860388488
525194483,682704;116,514313733884;436,800667343677
525194498,680478;122,007911348295;438,887450161442
525194528,605891;124,213449781753;442,257143748034
525194543,454415;120,007731754492;438,654849454984
525194589,466405;117,068149556456;451,599314416498
525194618,517269;108,898914369502;453,300814693561
525194633,472278;111,954212723503;454,800089762243
525194663,651716;103,924619838783;455,685269445439
525194678,499384;109,934001255658;443,214138270799
525194690,583562;119,420772488466;427,562493278689
525194708,749386;125,902015733229;434,054525619007
525194736,582295;180,93887047028;462,312830165769
525194753,646914;170,411748182427;461,476433668311
525194768,503135;177,892489856852;464,661129997515
525194798,95841;165,966813083362;463,218844460295
525194813,635872;149,41114537533;460,999004671598
525194825,627249;157,608854262528;461,967474573952
525194843,674185;159,09349934475;460,840657467898
525194859,169747;151,63297390192;447,993727311769
525194889,563439;192,042788685419;456,580865467658
525194903,802558;173,243859479176;453,596365354854
525194915,880748;179,044310910893;455,424523827142
525194933,743794;157,874788472114;461,796040553157
525194948,678703;163,053508621046;462,97104164552
525194960,818048;168,115234734354;481,760549634867
525194979,35593;161,809383271422;484,022670838163
525194994,206591;155,586749805457;479,708284629491
525195039,959852;139,56810942687;474,676841870065
525195050,988583;157,755286509091;480,538036034247
525195068,632671;139,396963814187;466,09568705763
525195083,738641;139,243843549088;464,478947879421
525195113,703398;134,74716608243;480,792658414518
525195128,618208;136,852978553589;472,592871534318
525195141,127044;150,348322760252;473,392865940419
525195158,627441;143,071384437787;470,772974591242
525195203,672937;155,719406585067;461,132854263498
525195218,611695;168,465942719301;458,44981452169
525195248,638034;165,413950475504;459,574145296914
525195263,660184;166,333240723621;457,368068739061
525195293,603986;168,02524088038;446,752764226279
525195308,640249;167,818580027585;438,429596967512
525195339,515906;167,197179731757;439,683087534221
525195353,34961;169,586721655284;433,030927432845
525195365,422668;169,514318757126;430,421740615513
525195383,69455;212,411740026773;468,259262069743
525195398,42889;218,724730857301;473,739772571393
525195428,462072;236,031128627241;481,622868619495
525195443,404251;265,154408657525;487,757779257107
525195455,583795;318,620712572716;534,19650077335
525195489,572762;266,930705170566;500,310330506433
525195518,397825;265,396545683301;498,775254430117
525195533,443924;268,746916467362;493,623705793941
525195545,637581;267,472644618039;469,607360772597
525195563,663562;249,63167026745;468,126644868302
525195578,521494;243,730357900556;470,440191310602
525195608,516187;232,558981514364;473,350188440316
525195636,138264;245,256203943882;449,596664272089
525195653,513786;234,394399046277;456,968500384483
525195668,520968;229,031676000235;459,262195374067
525195698,408748;222,935965440033;467,553713653239
525195713,600676;219,676236222245;470,24796386422
525195743,537636;220,47986315491;468,232445120265
525195758,681667;224,520076383633;469,882159117997
525195789,516697;239,036991299949;471,163834300931
525195803,460735;268,548668359852;440,811186498683
525195833,612804;266,704335403551;435,613279209311
525195848,490836;257,330443278279;434,278971553127
525195860,560045;268,797618730295;425,415796546865
525195878,520168;256,629884081083;419,605148588563
525195893,51837;253,100350179363;421,675920825885
525195939,45766;253,487300197638;426,286866115538
525195950,276413;266,834246903109;424,02315022907
525195968,576092;257,612578556756;432,052828424453
525195983,489619;249,963430348551;436,373471026815
525195995,73716;263,907296851432;443,660147506844
525196013,467633;264,191410207811;442,514328812845
525196028,432478;263,188692909514;439,336359345037
525196040,680874;265,6179779264;444,057303243417
525196058,562737;259,86335008597;445,443657357438
525196086,665923;268,078231174221;437,798176520285
525196103,611226;275,784408924918;423,200630654898
525196118,489685;277,017858155364;421,618713133814
525196130,573435;284,968156908249;420,786828601923
525196148,452732;285,272200109027;420,51285079664
525196163,471461;261,248568564008;449,292108877933
525196193,465726;269,469819962059;434,804123072682
525196208,670912;268,940180245035;434,424457446505
525196239,940864;271,067526764402;434,4751846342
525196253,56117;272,920804154643;437,039074659118
525196283,614023;280,326066639004;435,07719895468
525196299,239163;287,443180979418;435,486023419059
525196328,712975;304,390360271777;464,886342108966
525196343,618377;299,497904354345;454,943922051235
525196355,771834;304,265421350879;461,859249167509
525196389,774058;371,079922820192;510,509921453452
525196400,613767;337,962089274683;487,558798961954
525196418,664552;329,922621994322;464,503620837076
525196433,629825;337,974900647039;451,735275214725
525196445,622912;355,387384368384;430,344301326818
525196463,583463;364,521482924487;413,434771653803
525196478,655221;355,450398523285;421,213479473326
525196508,82739;373,630110773197;472,863318988596
525196536,730434;434,980853675204;527,770947969274
525196553,597905;437,509835613695;532,669593549047
525196568,490476;420,081047420755;520,437150777146
525196580,735451;424,735285150182;521,685587429578
525196598,628005;392,008777028365;497,482896054178
525196613,506037;377,406169674164;492,159003470865
525196625,793349;379,243102842618;491,911175762315
525196643,722253;382,356567659536;496,960548112351
525196659,232355;383,057945486871;498,350788463518
525196689,640588;394,086120183199;505,789127182563
525196703,636372;396,85358756172;502,818826246027
525196733,566917;410,47583596962;502,615212165614
525196748,456068;403,455720737574;506,291598435217
525196760,729267;404,831090405636;504,859217595
525196778,397731;359,392205647773;451,855552471909
525196793,574692;358,991762873974;448,282404005884
525196805,51475;384,084242511969;444,229097228367
525196839,688891;379,239304316366;440,962666295739
525196850,593175;382,446927891198;436,831473882526
525196868,485729;375,944752709479;436,310793844971
525196883,368465;384,560989038406;437,4197498466
525196895,095125;384,312089210441;461,019822312615
525196913,249402;395,648835561772;469,722701879097
525196928,426363;396,575217014479;458,314317951666
525196940,722228;444,382474809778;437,201062720867
525196958,432602;432,971089909302;443,505871586447
525196986,708987;441,459375232368;436,316392395495
525197003,466124;423,850758074117;436,770253882277
525197018,504525;420,775838678606;436,26563647565
525197030,68193;432,347731340833;434,550608379191
525197050,61011;420,290458974454;430,207374816428
525197063,434127;416,114785911709;429,408470652004
525197075,807397;423,472287006583;436,825075571345
525197093,374935;412,707817750956;438,093703919529
525197108,35261;405,767761456313;448,046363345011
525197139,514794;397,67258415323;465,083176688416
525197153,274514;396,973790464385;468,670327182412
525197165,538733;405,180692799374;479,262235421615
525197183,391515;405,845312664017;479,47720201518
525197198,391855;407,596320427381;476,64959099819
525197210,395207;411,755138617234;472,392998255194
525197228,41178;417,438713487514;467,119927471682
525197243,72003;435,421495410133;471,162387731288
525197255,501857;438,323389696206;469,463896351006
525197289,702084;457,33346317645;465,640202724025
525197300,531102;454,482704956173;460,002330059799
525197318,566064;462,565043073856;458,116661562308
525197333,562983;451,154108824804;441,022354358012
525197363,540997;465,992726468889;461,219884740486
525197378,793652;457,878343582185;449,872979837623
525197390,619955;469,007895006124;463,394385362704
525197408,743869;452,366093082326;460,392750109144
525197453,738047;453,952310632265;449,409262025465
525197468,994123;471,756427810051;441,477124236907
525197498,68005;476,504453119826;442,336463833006
525197513,511468;481,11790503332;449,13962416902
525197525,396787;483,420162777789;444,952536721653
525197543,57544;479,536579943191;446,221297456642
525197558,310208;479,460079660702;449,71353044835
525197589,753788;472,492270262234;452,614985346596
525197603,52591;447,567773413249;439,987974246725
525197903,383886;408,777758981299;454,975431174284
525197918,389358;448,338959461122;498,340739002894
525197948,360102;427,997478651753;530,282227787464
525197963,215896;442,27563223459;506,521819226074
525197975,499359;446,339582982363;500,092198995885
525197993,226839;492,388270446457;495,158986936838
525198008,311854;507,009677912721;471,466725859553
525198039,374396;521,682919676975;454,979413014012
525198053,189283;523,194839825997;445,415356745266
525198064,828702;495,132415060264;417,260020123689
525198083,526525;497,954199056495;418,478024040843
525198098,448177;511,208209986157;429,779104328894
525198110,609332;516,68853816778;436,064525205909
525198128,330397;542,57261320931;456,664222960879
525198143,305506;545,942887348615;447,634682334518
525198155,361458;546,638942467875;447,790109125903
525198189,553561;554,853833875301;446,682647674947
525198200,352642;550,815889445929;447,779808793139
525198218,629228;572,479430796298;458,696088813839
525198233,455514;581,659030282622;464,393248806906
525198245,547816;577,304717920949;461,959330067666
525198263,441226;569,775271299151;461,684715399533
525198308,546165;566,488116572505;461,710154601072
525198353,604063;479,766140564689;447,275607238694
525198368,391004;470,498820411357;447,397079713524
525198398,529816;150,810457869152;414,085926999811
525198413,282973;78,0341028643849;397,570547605449
525198443,209669;-5,10776318622848;403,864131288058
525198458,390906;-13,2425583518722;408,811424039973
525198489,83919;10,6136396601668;410,396341721749
525198503,502688;17,657760275952;413,793347089959
525198533,323754;13,093748675689;416,935018561382
525198548,674341;50,5141747686328;420,262024807879
525198578,399613;53,9465299502288;422,106251100341
525198593,361464;63,3041229521531;417,434425224559
525198639,43803;55,5975095596258;438,878294515328
525198668,362737;59,9750735600254;445,871058154563
525198683,346826;59,5612552387454;453,050680191951
525198713,325695;68,311572914299;458,169599421823
525198728,205437;71,60878881785;463,144815751011
525198758,398561;77,2484076308454;466,844289876967
525198803,618967;91,1866533888424;470,479880804625
525198818,31439;89,9050817885361;468,319977558861
525198848,187202;105,604854143734;460,743278128936
525198863,4065;114,152886223328;456,526222975656
525198893,251515;116,937959652195;456,944826217773
525198908,256559;119,62704147212;458,235289870862
525198939,106985;124,358534301633;462,685651283066
525198953,496209;160,878933778963;465,739142221077
525198983,394252;156,821942589142;462,089698189847
525198998,469432;149,005924862226;459,03394407397
525199028,447446;131,695400467166;451,252218896319
525199043,322911;131,907688543617;444,543789119245
525199089,265622;125,477084455721;452,359953837012
525199118,365666;133,228548837032;461,325547582621
525199133,339919;130,662717861487;459,909303845567
525199163,296123;127,920453306209;458,867130815928
525199178,351203;124,672050354943;455,565475870438
525199208,341191;129,433606724456;458,744782338606
525199253,230594;125,896393252224;455,930620488422
525199268,362651;129,568144386453;460,100554010562
525199279,985391;128,918481327579;465,645985749717
525199298,198685;126,50966008109;465,039032697888
525199313,339722;125,900366104148;468,193128980783
525199325,167308;99,951457929495;463,449487788172
525199343,728283;103,712356992173;464,817604512847
525199358,364263;114,432594491566;465,7759559663
525199389,570496;147,139899815107;466,295822394132
525199403,605196;153,440688396513;462,840445063579
525199433,315928;158,329919873026;459,717579152475
525199448,330808;156,291196927984;460,707933996123
525199478,387083;150,726168608091;458,003687301851
525199493,659837;150,897188419769;457,186283542253
525199539,241182;155,213347903954;454,3593060234
525199568,391261;158,993669532866;458,146199229704
525199583,28982;160,483747528133;461,388357508559
525199613,235332;179,241108639187;468,227933506885
525199628,173235;200,781782398391;461,753214916349
525199658,219246;202,264296347889;461,677910012101
525199703,33445;215,216150775695;446,257797919934
525199719,006204;215,798195160428;448,340119581299
525199748,637392;214,723234203729;457,443468424736
525199763,228041;207,001713027114;467,541086353404
525199793,264644;206,794770856322;464,19944572713
525199808,303473;205,29202524454;464,131037356865
525199839,395522;205,906781100333;463,314151401754
525199853,319033;205,053522781463;461,939915334853
525199883,292343;206,012028291087;461,777770994715
525199898,422262;206,918616254483;460,241988307137
525199928,326292;223,86987291373;467,886157245542
525199943,108529;228,275847536589;464,930251289985
525199989,22615;229,436432285228;468,267957761133
525200018,388203;229,462781277922;456,4530993107
525200033,136656;231,146650416117;454,524991483985
525200063,629992;234,605011062914;449,806266178272
525200079,000679;234,841227200908;449,251300665026
525200108,60578;237,331545137415;440,890227718203
525200153,681639;238,171248873297;434,10599616314
525200168,344561;237,765867641619;434,110886536266
525200198,314023;246,765606529384;437,020772632971
525200213,457626;253,17379226659;445,799886846398
525200225,32028;280,517738653735;458,157632197836
525200243,335998;301,75905374298;498,607896541921
525200258,421013;302,261737297279;498,439648523883
525200289,483982;302,718447210646;496,970591586848
525200303,781689;309,602354765659;504,573651240388
525200333,490709;307,492398305739;499,184557602942
525200348,556053;304,437952548276;499,215223419367
525200378,462221;293,971383250932;497,59403444731
525200393,307324;277,712204820176;474,143656642134
525200439,355237;270,18414477707;460,22054216107
525200468,433898;270,252385993089;448,161282640735
525200483,204589;272,006610930048;444,507319717323
525200495,273371;272,566640865571;443,515464652102
525200513,507619;272,115254426312;512,402415454471
525200528,14531;273,416046284285;510,257709749201
525200540,305181;279,370851622208;509,754234764631
525200558,208854;295,98785401327;500,934129613737
525200586,530998;310,112559430386;508,165667823102
525200603,322347;313,985583539965;502,600510014045
525200618,302587;314,412357989095;502,19705304614
525200630,657469;318,544692484289;508,93214797657
525200648,340901;313,337063224694;508,278688846639
525200663,238176;306,325878747497;501,233506058373
525200675,899685;308,703966585911;501,762767667623
525200693,315834;310,135745153837;501,618406413827
525200708,464997;316,858871284734;499,055825653815
525200739,320127;324,63393249142;487,416425041432
525200753,31976;322,261860193731;496,732917164475
525200765,449268;332,169746738678;511,987615969341
525200783,217375;325,43090871254;504,106759609991
525200798,25321;318,71392100301;503,884505479661
525200810,234324;325,456653298309;503,283134096936
525200828,346263;305,511929463749;476,611103585922
525200843,388513;303,023690604166;473,968889731599
525200855,50562;313,22245709036;472,496649085767
525200889,524951;310,324455356795;468,029433112438
525200900,523746;327,825066732917;453,298614179032
525200918,482159;334,154681430383;456,337096871676
525200933,327261;320,596796327819;470,517006154343
525200945,644936;316,143812160938;475,985375251894
525200963,382253;303,744400969545;490,470677314549
525200978,455293;303,3370891252;491,779144452274
525200990,595493;334,041678095716;508,614114193122
525201008,37643;306,246966005154;492,953056817173
525201036,175127;297,821819957954;462,631717289004
525201053,521141;319,71010422501;465,828129153681
525201068,437234;326,943189721272;477,49834215551
525201081,067096;347,801183950822;483,948571494073
525201098,368206;332,300515218183;482,003444565816
525201113,492993;346,481419666884;493,260748950844
525201126,105321;342,864811575674;487,862179132744
525201143,242641;346,436771520012;490,938424307052
525201158,314399;346,395164011965;487,214386321022
525201189,324767;361,328717849795;474,351144071896
525201203,376573;369,773111883275;464,409881878919
525201215,952551;371,773335006318;462,259988983138
525201233,439263;347,313424581098;483,493544477293
525201248,422497;346,647681878533;484,0403986152
525201260,55115;337,728051794627;478,855007699442
525201278,674209;331,558888396877;482,826394211056
525201293,479539;335,201175612175;484,353573700737
525201305,839552;341,828228390254;479,34700508921
525201339,398729;349,903864589383;481,307147319547
525201350,600659;350,788294359761;477,018728775257
525201368,474824;376,092664305939;465,916995215924
525201907,99954;358,393516240158;558,358602293413
525201953,407257;320,357714074803;551,958039897813
525201968,196337;341,300861133199;529,389354375947
525201980,487926;357,231660440125;525,815170312776
525201998,067011;366,95358994801;504,487151237659
525202013,137486;364,4594509948;502,424308979935
525202025,163502;349,2420976304;481,792441766448
525202043,288272;353,804444453898;487,825102524072
525202058,134229;356,911703613269;495,072877319867
525202089,377667;355,317112395343;492,281505825087
525202103,478226;352,566804904936;495,767734477545
525202115,456346;349,498805481286;482,29789408525
525202133,354032;359,234527450561;489,208447669233
525202148,401414;359,907476310965;489,962446877707
525202160,232848;369,400325236061;480,532025867159
525202178,410647;393,360236170398;476,791911132988
525202193,218543;402,110355076534;477,23701554732
525202205,327952;404,979283012362;475,141813521216
525202239,48071;414,289550737774;474,430953531417
525202250,300747;410,436999736997;474,357813000971
525202268,451175;402,618029035262;470,009932491336
525202283,649518;399,562157794247;461,157266802425
525202295,394567;390,205872802963;456,045907672771
525202313,432095;395,33250045372;459,884150411606
525202328,434574;396,843829061926;460,945331814328
525202340,309629;398,615377530105;461,273443760928
525202358,505389;396,50251100121;462,470444550327
525202386,573079;399,191934683761;464,879459807588
525202403,672765;414,625674916508;464,110501612378
525202418,334832;418,062632206236;462,96502596472
525202430,348875;425,993304503131;464,183880944544
525202448,361599;437,605400485291;460,664440309972
525202463,202425;438,438523952783;463,138198104525
525202475,424734;446,078264069031;459,281508691993
525202493,401963;453,039518265761;460,820078016688
525202508,40658;471,656862199239;472,838672672111
525202539,451159;492,119226591527;476,942340523015
525202553,761268;486,645490976167;459,184019059027
525202565,107745;481,664651876801;459,924972767617
525202583,386042;483,889756163896;458,692661251158
525202598,611754;481,624887999034;455,009949404773
525202610,222948;470,062360316665;462,794239904645
525202628,188203;467,769999397575;462,902352512422
525202643,106434;464,620624733322;437,752431847962
525202655,512634;471,423985556674;439,646787396681
525202689,437453;474,31702341193;433,705214866275
525202718,428873;473,534995775084;426,171755228881
525202733,318023;480,46293239359;445,290125593562
525202763,302453;456,024894372271;434,608973613
525202778,249764;451,455956850829;447,308173577538
525202790,452828;456,791519513492;455,97072350649
525202808,353935;454,786120223505;460,295669925632
525202836,239446;440,117013405843;458,058516385601
525202853,195013;436,535233802411;461,267636929612
525202868,439115;430,361473654883;458,015165016793
525202898,243503;417,663253729957;450,866085089061
525202913,203216;422,444675634373;450,366315728959
525202943,218864;439,242840189549;448,782600391715
525202958,120416;461,922036736717;456,728955755556
525202989,17697;462,872567744149;456,982058596151
525203003,324571;464,512511539495;452,796403264453
525203033,174717;467,175274406525;449,333636173577
525203048,244764;470,151485973639;446,118927684363
525203078,286071;473,703728622387;453,2328737754
525203093,265884;477,711429694013;443,602225801279
525203139,699968;476,194458800344;451,808871501592
525203168,104648;469,245815971919;446,347724139914
525203183,261081;468,745438812377;446,892686865406
525203213,594047;470,067563643781;445,249935179862
525203228,179992;481,603156059717;436,73695246594
525203258,183238;484,417416505586;443,8196341638
525203303,440849;499,687757338582;439,465500332793
525203318,193579;498,745384775035;439,624090613255
525203330,117814;494,97472582431;450,606503127263
525203348,244722;475,553896989613;460,217852341435
525203363,21983;509,751194676854;459,973320412179
525203375,599943;534,090276903123;458,230576424933
525203393,385156;532,157609772259;455,736927812357
525203408,247365;536,317417963417;452,753650593211
525203439,386028;556,056518227246;447,285805778824
525203453,44596;548,363094819943;449,682667510723
525203465,091793;529,975654180913;463,767966357591
525203483,198174;541,042607534563;455,344187545449
525203498,256247;546,17021675011;453,632279915338
525203510,035508;540,012313532559;462,656852563533
525203528,162416;541,612209360051;463,991726203853
525203543,252135;547,972118669246;457,922842035741
525203555,16012;541,552334484196;461,078291345499
525203589,356498;552,677802085841;458,201855493773
525203600,162422;546,503417341255;460,003039038698
525203618,456115;549,352613937198;447,782830264083
525203633,296512;548,577495844952;446,979895733092
525203645,23315;543,605573255314;461,223757554662
525203663,265974;546,976678570382;461,713308564646
525203678,492542;540,406308135806;457,643071135177
525203690,177292;520,884764620417;457,012946654615
525203708,288804;526,713764960901;459,26840836941
525203736,078093;522,881199440621;459,539046865691
525203753,333017;528,08014603309;463,153652538749
525203768,207627;523,797601593172;454,929629330275
525203780,435068;521,63617102052;463,505205199479
525203798,442233;503,213806224161;480,840125682049
525203813,362602;463,611622756946;502,95618822623
525203843,292292;407,976847559944;509,967163562305
525203858,298619;362,858521981044;517,442888314092
525203889,675057;114,071182956911;512,043823713929
525203903,411256;109,621014384263;505,416865349569
525203933,671521;105,002870392746;508,537465381458
525203948,603864;99,2617089551606;503,539711910772
525203978,285943;92,8339265957749;494,825367526314
525203993,220852;91,4428280121501;495,985651108189
525204039,013029;95,4225250183121;486,091987305915
525204068,145575;98,1084802784277;485,370157753131
525204083,302435;106,594437487029;479,157758398536
525204113,158141;105,07541740059;479,341345539356
525204128,328259;107,42880259449;477,133625304057
525204140,181932;91,1774165602594;477,337588234695
525204158,020602;77,8673455351616;476,989073391776
525204185,783804;55,6059307835583;479,208321012689
525204203,422332;65,8411584069;478,505278914768
525204218,252466;65,8994081361742;480,71580498292
525204230,306708;57,5135040985896;491,454928471055
525204248,204394;68,2263739252277;490,332896545705
525204263,328753;67,2541084513853;490,260277570798
525204275,574156;45,2587184834857;495,87728601089
525204293,198999;49,7306410802264;495,224365636963
525204308,408889;55,5463122498993;497,0081418822
525204339,396591;59,6286563443683;500,28446840436
525204353,172134;59,61868944418;507,210182681214
525204365,393588;55,3817970583767;504,508122213577
525204383,225843;54,9216394613075;501,172740899528
525204398,329247;54,4810119238388;501,399682461499
525204428,189229;52,228746828134;500,632607737629
525204443,183155;53,3901022741579;502,416651176097
525204489,175901;52,5503811275596;499,012729052277
525204518,186138;62,573641150915;499,738003054642
525204533,358394;83,877932376361;490,368087808346
525204562,998563;88,183155952338;489,45768969987
525204578,1798;88,4453273048367;489,33459585968
525204607,910631;88,1493888982474;489,827454595015
525204653,016426;89,6810035435796;486,344238759001
525204668,180557;89,336264524102;485,24497695205
525204698,173111;78,5577033596029;486,794708645598
525204712,983146;70,2310460811181;488,927128811614
525204724,954423;61,547622375136;489,502711520145
525204743,032151;58,6180495930726;486,118942495394
525204757,842613;63,6607733087347;486,525925378589
525204789,260533;77,2591463645309;481,143032218259
525204803,218684;80,8424882646479;490,845647743037
525204815,342633;65,3876937820997;483,919145171474
525204833,15094;78,1682474271814;491,139542936276
525204848,370665;81,2924399327622;493,345819055876
525204860,140518;60,3537460007362;492,562292688183
525204878,285387;66,1131200049126;496,018144925851
525204893,124502;66,1640085828851;497,64204903361
525204905,696631;66,455246188603;504,692019387772
525204939,19337;76,3757281517272;506,653052884171
525204950,379905;74,5119970946288;507,800269370061
525204968,556848;72,296098116128;510,41872975009
525204983,201809;92,3751445262081;512,635020819804
525205013,122518;101,887208500813;513,119666915508
525205028,33369;100,750740942766;514,49251988647
525205058,000801;137,013834229969;488,990235928069
525205085,948322;117,808250173478;489,036209217996
525205103,294763;95,6618841923944;497,543062289299
525205118,030386;107,842386621539;494,364050526272
525205148,040047;102,243062279551;498,347362264433
525205163,038249;108,936402185706;498,856070130033
525205175,501754;99,5008076791773;494,508529342298
525205193,593594;99,4806971510817;493,505760739652
525205208,478896;121,599301914856;486,443327962066
525205239,746282;123,372211243448;485,98121499573
525205253,513272;136,642121939919;501,582885696046
525205265,278421;134,986057912148;499,358883808884
525205283,338187;142,473635005755;502,713834754583
525205298,435604;145,499125109739;520,765156781748
525205328,283612;144,601736341147;517,937662048795
525205343,271978;141,242114244674;510,240651473744
525205389,200576;134,85782163205;514,595148325617
525205418,063273;129,772127262308;518,707663434229
525205433,122201;125,78123970668;520,224532784233
525205463,125447;86,5730414299859;529,777059751839
525205478,12536;73,9644078394104;525,319815077086
525205508,158541;71,8424963497027;526,425308284222
525205536,005563;67,8511127179098;524,910848655841
525205553,150153;89,9043175775294;550,606112117308
525205568,239872;110,813495963365;574,161958116149
525205580,223551;104,099793363812;570,702327523007
525205598,569844;89,1881241288717;537,192551811423
525205613,147664;85,0114578998311;524,958642423983
525205625,270758;51,2716227373087;524,826448423279
525205643,413488;53,5407577775568;524,433353582593
525205658,324877;65,0021574185284;524,428880082812
525205689,363469;88,014692723695;516,387235170095
525205703,727462;87,9454348301242;506,661193434698
525205715,282206;68,8196489047957;501,455671212793
525205733,210255;79,9941862293449;503,798200770444
525205748,148585;97,1370556597224;513,742277334965
525205759,900477;80,0590732250417;511,089851846919
525205778,141568;81,5838513138095;513,404274053294
525205793,062364;88,5620743391799;514,8964423212
525205804,901924;76,6501138027464;519,096593378862
525205839,166728;88,5973087662532;525,992244691457
525205850,028674;78,4734668014238;526,312669110548
525205868,085019;88,870177380499;528,487754217158
525205883,343661;91,5929608228097;534,101193463394
525205895,098546;73,5057467408155;534,640375876347
525205913,173708;78,8856688309153;532,467364748264
525205928,262144;80,8654331460726;531,842543522612
525205939,92038;68,98231786428;523,087250420773
525205958,266245;69,2416779491245;523,353336173221
525205985,909705;64,8906235188556;522,46087264123
525206003,049163;66,6563844703274;523,074332474313
525206018,176515;75,0463777117195;522,932067516251
525206030,094764;79,0811550523718;526,082081342684
525206048,23835;91,136848019856;528,484237844713
525206063,144606;82,3125583957485;522,426056099795
525206075,245034;75,7829533760769;515,187692090387
525206288,925895;126,724209522638;512,113418643569
525206300,002096;169,039892962598;578,936406472456
525206317,934421;139,823731671126;648,653449353497
525206332,875318;139,751532468174;647,237498990036
525206344,81281;155,178024713328;606,577439426454
525206363,047914;153,449615504763;614,561761358701
525206377,835283;147,438952088866;589,939314449841
525206390,359942;146,832789255533;590,715961677054
525206408,018998;143,415108070073;597,872001159118
525206436,008856;139,452039187229;566,263437802093
525206453,153018;132,151648384037;523,990754433971
525206468,075098;141,455594280217;523,268233855992
525206480,213159;144,401756901298;523,008552519227
525206498,269076;143,759107747872;520,211321259414
525206513,484526;138,776604146488;525,373986262043
525206524,909691;147,551113456156;529,228575193076
525206543,429611;148,378677538889;529,801711112308
525206558,140858;147,827435151141;528,954422458385
525206589,496341;162,509684463879;533,011603928638
525206603,379225;166,201162398856;534,338542168806
525206615,462119;162,677090434001;540,03993415006
525206633,495371;165,239814936334;533,881387441815
525206648,301129;165,190045232992;531,800712074476
525206660,087233;162,635501231285;532,724438703174
525206678,517346;160,537898797119;528,408640051001
525206693,240995;156,837993581825;529,214907570911
525206705,365799;159,075010029505;528,043028496623
525206739,332529;158,285396544102;512,502374014248
525206750,434816;160,341071724622;511,683594618008
525206768,360727;161,663932975573;512,641155514035
525206783,529989;161,51463064352;512,857180023291
525206795,400341;160,263946559831;523,789417597133
525206813,720547;161,124470914769;522,859235479474
525206828,390739;168,56496098299;529,749717157266
525206840,093878;169,693526986785;530,71639166476
525206858,282368;170,480283920621;531,63579513474
525206886,062248;165,158135006652;527,642587499198
525206903,126012;152,110434033896;514,836184301633
525206918,359422;162,581928833089;505,946458786676
525206930,268262;163,418342117777;505,590436690492
525206948,26217;168,843771463835;503,975419929757
525206963,282182;185,619733237271;512,585408450066
525206975,503636;182,860999896785;505,721068213022
525206993,183219;191,265262946199;500,604362799689
525207008,238298;200,724908828959;499,095620258229
525207039,17511;231,026050653662;502,770094044872
525207053,105035;241,379988649358;500,818032501223
525207064,799194;243,054575569219;485,738418506579
525207083,09032;259,619850596934;487,344953050674
525207098,135136;257,291490452539;485,109888800845
525207109,845117;245,083156334423;492,822752011911
525207128,018211;248,922814483448;492,51662206471
525207143,20458;251,847169445401;491,989675485916
525207154,857684;244,04734313636;493,492270555297
525207189,113506;251,689491828885;492,42336523414
525207199,926273;239,531130797941;494,649558344837
525207218,228518;246,694257925394;498,339073165913
525207233,078752;246,0181306549;498,676277449211
525207244,874264;221,584751070223;507,155036775842
525207263,132888;230,623644838793;506,454665233316
525207278,055396;233,412013551925;505,736092210668
525207289,793602;228,217025841748;508,868613203413
525207308,085584;230,678664605632;507,363467771592
525207336,216139;225,099231330646;507,68373219853
525207353,052819;234,805905023806;502,843943462039
525207368,603548;255,509833160657;498,381976063895
525207379,890581;277,524358860676;520,7556803029
525207398,306154;280,408409556274;512,509797561441
525207413,279552;291,906430527196;513,187941567631
525207425,311128;284,872197364172;513,318672039571
525207443,324708;286,558100431503;521,254818328487
525207458,198462;287,000422674642;538,397552004683
525207489,26357;287,043291502525;542,945009223142
525207503,074608;287,362490219065;535,655163583972
525207514,792715;287,507782238056;528,275105464867
525207533,457609;286,062734245817;530,857750964324
525207548,506274;286,858661708122;532,09029600587
525207560,159805;286,996127892072;529,811718378918
525207578,290562;284,726343250567;528,045197098819
525207593,263532;286,656585044295;526,758510662038
525207605,164674;299,554682327174;538,716906297943
525207639,308452;301,720755375456;543,373021727104
525207649,934334;284,938192441048;521,792288552576
525207668,179701;272,461449518491;512,586620148488
525207683,439626;275,151096688023;512,684557601543
525207694,969566;281,803669901365;502,508403712635
525207713,218355;290,51328555704;495,638751147266
525207728,082701;310,395620333118;490,904512566782
525207739,958612;319,565987001576;489,681862001871
525207758,274114;324,842715962874;490,575491551929
525207786,012085;335,54639729529;489,271129249837
525207803,10835;338,255521308523;490,660895987833
525207818,207905;320,219692327943;496,708880826452
525207829,897787;305,360448697353;501,448941659193
525207848,179505;194,468751035609;534,348091668122
525207863,255967;184,072889052677;538,496326579769
525207875,237508;127,9864184067;552,974822107
525207893,130917;124,017688879287;557,055547896007
525207908,068392;132,790740762068;556,618034695334
525207938,944049;129,538382676401;512,52307069335
525207953,387158;126,384237847242;518,765935049803
525207965,109541;106,315704385349;530,143423095837
525207983,25441;112,687673779648;515,307240804846
525207998,44976;111,697667653833;514,625323808305
525208010,172143;99,5069199074832;517,864226533042
525208027,973179;96,417716805185;524,04093291459
525208433,050356;97,406265378937;559,552363467995
525208447,757326;122,091227854331;572,555519686706
525208459,506224;122,091227854331;572,555519686706
525208477,777678;123,656711116738;584,199260916355
525208492,837034;125,618347589093;601,187800304008
525208504,856208;121,851998937713;582,416390686002
525208538,931561;101,061823874863;547,597274967883
525208549,808048;95,0290767353685;533,798620058553
525208567,960615;103,053450810535;540,668252111063
525208583,126029;134,356603979805;551,194046466029
525208595,020756;139,713720006028;554,228382185251
525208613,191284;132,553564413096;552,137106344751
525208628,041091;134,275280561371;554,387167626416
525208639,787422;136,833515771027;555,323488833238
525208658,257307;129,976375849494;561,458575872304
525208686,044886;126,021974575314;564,056068850765
525208703,221977;133,872125798945;559,851183526884
525208718,091028;131,061214668797;557,638581217827
525208729,821109;128,412447847869;559,570977673299
525208748,175527;125,323805423227;554,116027778993
525208763,103594;129,616784509492;552,521268715588
525208774,737026;135,436743557853;553,045383946758
525208793,178686;129,715809107005;577,784011804939
525208808,500193;128,6315263629;579,11605686985
525208839,130805;132,982043892481;559,668107371292
525208853,011123;132,202927693985;562,446484867679
525208865,082898;129,731682693004;563,274017729967
525208883,134539;126,350241165566;561,53840052814
525208898,295676;136,657304320577;557,2926712055
525208909,674227;133,573352090751;551,506605047602
525208928,110755;133,902829044072;551,186765499105
525208942,978095;136,080479314253;552,476995003537
525208954,892495;140,203580744845;558,095128703249
525208989,276185;142,545281466399;557,360728163697
525209000,252743;141,853272016359;553,860437448108
525209018,433534;142,127527497533;553,367481081427
525209033,23074;141,725143600672;553,477406607932
525209045,101091;143,992029864175;553,629451433917
525209063,462352;152,484374054818;550,905378907842
525209078,159059;154,064303485417;550,805541098868
525209089,74331;151,793727231371;551,181356241148
525209108,145626;146,84399763085;553,549189764475
525209136,029426;147,337338434632;554,207055205639
525209153,27152;143,886638376839;553,786610250033
525209168,373642;143,814985224331;543,934303582245
525209180,008356;143,524142225662;543,966409847646
525209198,423929;144,715065923125;544,610839963357
525209213,264327;145,143990265176;544,890257502665
525209225,135534;145,671532592619;543,880254654076
525209243,427515;145,566819293538;542,857550777759
525209258,256367;145,5727543588;543,364114645519
525209289,271011;147,732913743646;542,040024917259
525209303,268078;160,131313883424;546,282283892806
525209314,990034;161,740359376621;547,613396851003
525209333,297411;167,765435064857;549,403178453816
525209348,349924;175,267436804912;547,007605668819
525209359,967105;178,420517441058;545,633575502107
525209378,384816;182,459801151057;545,636936949601
525209393,524143;183,960629018719;547,914746602008
525209405,320938;185,908519053443;548,440098138303
525209439,464716;186,019265694786;549,798370117946
525209449,913978;186,494571459252;549,292030439743
525209468,166187;192,103987668388;543,04178595016
525209483,318772;191,204705795922;534,855577719782
525209495,223763;188,770034182859;532,592189636609
525209513,151812;183,028945453056;533,976127628287
525209528,263769;182,492371113467;536,836018125448
525209540,043886;183,387390375458;542,693149869502
525209558,143424;179,099391735119;543,01676067773
525209585,881394;161,797339149797;545,408480234057
525209603,182932;157,617258491012;546,634878084393
525209618,21278;164,132741011126;548,368126917248
525209629,838086;167,84679043865;548,366041003498
525209648,021872;169,511046309495;541,967363962142
525209663,033331;201,114372215244;532,309672078871
525209674,992634;191,314869664924;537,501227368083
525209692,883905;189,336873951263;538,086805466142
525209707,984743;193,688710300224;535,098947437257
525209738,947214;197,611220779399;535,989134764833
525209752,897239;202,191319796195;535,466479589776
525209765,260673;185,377507587917;538,540859888981
525209783,030491;193,594570375864;530,507062283414
525209798,505953;202,751854768397;531,837800748472
525209810,130404;187,438083562225;535,585544773741
525209828,183755;180,480231089787;535,291891099317
525209843,090867;195,511334419775;529,814415227957
525209855,001845;184,084656509759;535,069592422636
525209889,159736;200,094448652698;536,608280570459
525209900,061881;203,017560061385;546,487884282195
525209918,203757;227,05689108852;543,194081191974
525209932,902602;229,287070663599;539,932736369497
525209944,828548;209,311839576188;549,965854276312
525209963,151748;210,0869766709;547,842407224707
525209978,636618;216,665204051606;544,335882800469
525209989,996352;209,909428100573;546,667005315895
525210007,943646;211,297462280288;541,314630059374
525210035,802214;201,505762796662;545,526468295755
525210053,047302;208,112595486011;537,072622508981
525210067,888555;222,918591849851;535,499974854774
525210080,107871;219,861474136803;542,954935599917
525210098,032499;239,33326960719;540,121631597079
525210113,176103;249,283545311211;532,586585815207
525210125,369759;238,040986291538;536,143789389273
525210143,060461;248,162368680274;528,285366365065
525210158,110836;250,7325136326;527,176850418339
525210189,147291;251,766352442715;524,209561904162
525210203,123403;251,278856135632;528,994537860043
525210214,848352;253,12453912843;541,5369374207
525210233,061646;254,439940717695;547,471406618844
525210248,067545;256,305822861766;554,245915031836
525210259,771112;246,542339226555;557,009959955985
525210278,501437;247,68627514748;558,543532012404
525210293,47398;266,33662477671;556,512212071083
525210305,267781;264,06940377997;554,694662338661
525210339,610845;269,781966560046;552,572840296066
525210350,064383;272,19981882856;547,246302574596
525210368,242609;288,95683847129;527,371770358596
525210383,137319;296,060142171485;526,593708129053
525210395,040172;296,20546325976;526,728281735371
525210413,146124;300,035563981804;526,49933984564
525210428,057512;299,593168300449;525,591638026106
525210439,716176;298,219649640989;520,120354692208
525210458,116781;299,308393930459;520,94908495819
525210877,71832;342,629605991634;539,136461011666
525210889,624166;342,629605991634;539,136461011666
525210907,769035;322,724336743685;576,370207884551
525210935,849128;309,889871604624;537,879680639853
525210952,8821;309,116111015736;553,659664691061
525210967,850794;308,806910081578;569,643572418728
525210979,723711;302,252038585277;543,320665545474
525210998,082834;275,176714468714;548,291823971266
525211012,766283;269,004397063414;547,021325644109
525211024,903917;271,55878144001;538,334288456884
525211192,727598;322,04559085876;552,426631543416
525211204,685618;322,04559085876;552,426631543416
525211238,695112;336,997241003652;488,573048768997
525211250,131824;322,686054877642;465,446974762606
525211267,75068;311,350964136433;491,452755357986
525211282,979814;311,564547190575;491,282246283501
525211294,977178;310,785155297441;498,343737221012
525211313,208433;296,534727906218;524,731172698775
525211328,141204;296,611652986573;524,441694328424
525211339,895234;298,683653561493;520,783779921289
525211357,870325;308,414259504776;508,095439481767
525211386,076147;302,448642400801;504,708289877278
525211402,848251;308,934503484138;481,500412268273
525211417,965341;310,872167582736;478,302217543849
525211429,700126;317,709899658007;496,617993711719
525211447,94977;322,530747544678;512,745618709088
525211462,963367;330,143588027428;539,801154459729
525211474,90813;330,628548619839;558,116027268484
525211493,023491;329,246764706394;569,712895375371
525211508,179924;327,025569142389;573,931497196275
525211539,220227;318,353708824754;572,442436894036
525211553,077879;320,891874854807;572,097908231081
525211565,255285;332,979885225006;591,41005089671
525211583,016122;335,917369244931;599,734980433598
525211597,865501;339,309941381813;600,052699450202
525211718,250542;291,050842765748;565,06278666203
525211762,542086;265,762257012795;622,21681353436
525211777,554401;283,504717618779;609,32058743806
525211789,546205;286,825498618303;606,906825512856
525211807,6389;286,769845581886;590,372350796865
525211835,706163;287,960725141708;585,103158013227
525211852,923454;287,814998116231;592,687285341553
525211867,860929;286,669621937477;597,679653145936
525211879,890367;286,926244927113;550,455259868648
525211898,279426;289,920172837579;546,732408042294
525211912,999226;296,997694783462;551,900489363826
525211924,591175;298,704867905079;543,556900199487
525211942,805751;307,895531394514;540,325624678219
525211957,9284;315,685201228352;521,242566902011
525211988,999066;305,940298638497;526,426618208919
525212002,929847;304,034653874712;526,481424177867
525212014,890006;311,907582482576;517,973675020055
525212033,003656;310,286272604881;522,612012053505
525212048,303353;306,574758397848;541,709946792537
525212060,09972;310,177763620636;549,38811550441
525212078,185573;320,720005174259;563,140704159676
525212093,206013;324,356345218145;564,145183283212
525212105,475791;312,849450771199;550,272286463538
525212139,002894;315,858563427643;550,283778229646
525212149,989287;310,420518613287;542,611639782207
525212168,115767;318,31676608189;528,619539362446
525212183,054953;314,979389924745;523,430757512964
525212194,710622;317,96548477567;531,764146040402
525212213,070173;314,906951243088;526,963294787501
525212229,764445;292,718216381289;518,888614408144
525212239,787765;289,26922341745;516,021510545735
525212257,897138;282,108365302155;508,323607628411
525212285,954993;259,864664128329;483,901593276922
525212302,833583;260,619163079232;486,711379645901
525212317,709476;260,272770925537;484,946655092417
525212329,554168;252,041896765781;467,311538233706
525212347,905593;245,807687313751;462,271944198999
525212362,956824;242,103632728541;457,049967410133
525212374,775001;250,169763009675;461,811475523768
525212392,866414;247,510715304158;458,043267825261
525212408,045513;246,487508126621;456,817464646553
525212438,788597;257,040092984391;469,655149417507
525212453,361712;292,625432547416;511,645808245825
525212465,090938;303,139515682485;509,095550827881
525212483,285843;293,978270141707;489,555290576948
525212498,143774;269,796292289386;461,998519610421
525212528,151724;250,665805933211;498,414802069073
525212543,285064;238,319148379371;491,776199231631
525212554,925338;233,985916851101;507,399681580653
525212588,97546;230,636426177317;521,536647202023
525212599,736908;193,252237936555;525,53770398731
525212617,934806;146,449820765706;532,85675235796
525212632,851326;149,72917433721;541,012208289689
525212645,575272;147,608473725372;538,274843647207
525212662,934543;144,562093550621;543,137669663734
525212678,22697;143,047098923964;545,445263100588
525212690,184562;144,524086774066;543,144716534388
525212707,987737;144,84677821557;546,466371022234
525212736,024636;146,925650909326;546,442331278449
525212752,896811;151,971139104346;540,503127159574
525212768,033572;152,234542678348;540,495941445004
525212779,9283;151,739079813661;542,036932922574
525212798,079584;152,079104284948;541,697150434124
525212813,42675;152,297204819359;547,528215088952
525212824,62141;144,964351412607;556,206463645716
525212843,190083;134,556881358812;556,35893943407
525212858,414085;125,871918922062;562,375653063045
525212889,042986;117,535434769096;569,16472335598
525212903,075549;116,523981612595;569,896845562863
525212914,81461;110,134500961418;563,701468031813
525212932,88293;111,15183079237;563,781156019238
525212947,943141;109,020028097359;564,252423909757
525212959,707434;99,4126838741092;564,530470906324
525212978,044747;94,4642159028145;566,483925459996
525212992,956991;91,4780403558884;569,671024504909
525213004,681512;74,4631990213392;575,276155108002
525213038,715383;79,4687704823872;574,142252947925
525213049,909616;74,9358921432419;571,226221723301
525213067,768813;85,3461933521479;560,850061393916
525213082,916265;91,4199069135249;555,445827744318
525213094,973073;88,9181474510247;547,705156190428
525213112,921222;98,3768160474892;535,710083504814
525213127,95834;100,409160658824;535,291693266522
525213139,852212;96,2011117594065;534,656534776305
525213158,01547;96,7234431383356;532,455420049979
525213185,749591;76,2138289997454;525,820169890215
525213202,712001;79,1657488079698;526,807125027312
525213217,805997;78,4843969878124;527,092247310045
525213229,853824;73,8345686114244;526,741124815615
525213247,775031;76,5317652618666;528,168787581431
525213262,933602;105,302039087055;538,00786525078
525213274,712436;127,333043692754;552,033636489338
525213292,8928;148,009477295051;550,794489832992
525213307,689577;147,393182055861;553,27042445678
525213338,844919;161,025362503989;549,480734493933
525213352,919819;170,018729316135;548,4024324992
525213364,595161;172,775831498952;545,319408898282
525213382,866615;182,809922089155;540,038285212123
525213398,309575;183,138956741889;540,016805019856
525213409,632531;181,933508478516;542,008444086304
525213427,920236;182,196755544977;542,010234917893
525213442,891496;180,901506046441;544,662671840759
525213454,716516;191,347527419329;541,655659495166
525213488,900065;224,966525369607;533,288400889167
525213500,107127;245,146768843677;531,887433284344
525213518,040308;269,023139182801;526,559096514319
525213532,931169;277,116977858189;527,008464309256
525213544,869944;297,723382264327;517,921685261736
525213563,081527;302,261745247847;516,965422766609
525213577,892417;302,174874019283;517,315122075196
525213589,690495;307,761919353861;524,084482476568
525213607,926882;309,984862438305;529,357085499442
525213635,780318;305,57349791963;545,015977862162
525213652,997609;307,392971870145;543,176456702447
525213668,044563;306,50416366033;537,517259769706
525213679,785763;308,200138430893;536,417219510106
525213698,067909;302,349237209016;541,077572984404
525213713,214078;303,529809163861;540,589114105286
525213724,920211;309,868695010649;532,11864967429
525213743,032151;324,464473257136;521,339115489769
525213758,024365;338,829182360101;521,466306681933
525213789,043286;333,862199697765;519,200506810961
525213803,072854;338,633757115704;520,269096226198
525213815,22118;340,93487718293;521,979128896425
525213832,916586;342,414516317203;526,343471221196
525213848,177794;347,539658181742;525,836207849461
525213859,995972;344,743947993309;524,238370593566
525213877,906915;351,72370205641;514,11291953207
525213893,307965;352,128910330443;513,686184182017
525213904,829352;351,479855315867;515,727496381787
525213939,236563;348,650870782519;521,378921003808
525213949,501079;348,455672022204;522,698494538831
525213967,884151;347,571082307645;522,705114733377
525213982,969166;344,849530431859;522,852171114556
525213994,819845;340,84496977909;520,538160485543
525214013,012611;337,595115052117;521,142308608759
525214028,686504;336,424641580152;521,995354989112
525214039,611315;334,45047235049;523,174010971253
525214057,849412;334,069663725574;535,82274250311
525214085,803347;315,475224656884;518,898432625745
525214103,089063;320,571410412908;524,732098225558
525214117,983345;333,77776957543;538,912553991346
525214130,100451;338,333708792767;535,116190743873
525214148,179034;349,364014277263;539,276218074421
525214162,671751;352,159125005789;532,874499859496
525214193,037218;348,683352833624;586,988865769652
525214207,724944;348,268181893636;587,256104083998
525214238,910222;339,189617463195;624,814740968004
525214252,672508;342,712567764935;619,857325321949
525214282,683451;365,994296703061;612,598165588162
525214297,936961;373,19828594874;568,200968892343
525214309,524634;372,034220497834;598,031062928982
525214327,840564;347,479012591428;597,12299747857
525214342,58303;345,660944896742;571,694369205941
525214417,345672;72,9410330077964;401,819501039497
525214597,708125;338,153585599163;756,607185553927
525214612,642606;378,92989511565;616,087022395405
525214642,572296;375,969560430701;593,456587896182
525214657,594874;377,745852695004;582,319306452315
525214688,894762;360,166243679037;701,801868244149
525214912,48647;361,566344734252;549,892149776424
525214927,497929;418,128498708169;543,923603409613
525214939,36828;440,951498625948;567,08297248227
525214957,786847;466,879640288535;603,300312457306
525214985,632586;453,824990480464;593,085002407935
525215002,86014;447,232391292025;590,915876532936
525215017,672313;466,937747154;572,466420697794
525215029,796262;472,219396444996;580,960855724804
525215047,850041;465,7289620578;593,453517753618
525215063,090722;462,529453245825;600,270081234733
525215074,76307;485,081058938614;589,077158111645
525215093,325755;495,576059937093;585,379472385288
525215107,909562;500,769580081343;583,533299365796
525215139,015296;507,138763161846;579,253052031556
525215152,92555;507,179546051017;578,146884202807
525215164,77238;504,464804193201;576,470043187884
525215182,945474;489,590789049665;563,0580771322
525215197,835052;491,626204798525;563,636473482095
525215209,87903;490,437160919615;558,550213594065
525215228,107291;492,215366678609;553,944995743623
525215243,018252;494,581363961277;550,637060835847
525215254,725667;495,163718307317;547,78636776679
525215289,111496;494,313237618776;549,00306280705
525215299,654842;493,857049371168;549,640303422092
525215317,859154;492,643615342407;561,176492178867
525215332,863343;494,634384433315;564,039156237863
525215344,753366;494,681797260613;564,308853606142
525215362,751123;501,090780023454;559,898951207014
525215378,199215;493,341746926578;569,086904416779
525215390,012261;491,885918737174;575,64793016942
525215408,338882;505,202169752707;562,256271898512
525215435,932306;504,195840669712;553,070308303472
525215453,118806;495,870125994689;545,063546761704
525215468,24958;505,446465975719;532,175916181667
525215479,614018;507,254397801977;535,405011756628
525215497,829022;516,889929297009;538,403439649154
525215512,954664;545,090092121253;545,486589352787
525215524,828864;563,099134058677;544,947908322533
525215542,878367;571,310368754569;546,07196321096
525215557,855186;590,561796942093;560,178065555913
525215589,161061;589,168620651527;553,017514607279
525215603,073453;592,383905362512;550,162556018851
525215615,052;595,436196150085;548,440151645612
525215632,867577;583,594399663262;552,085544580417
525215648,147602;573,761205924279;552,584629876566
525215659,698496;561,80597874846;545,311206344817
525215678,033671;567,267453897402;552,375200121493
525215693,246554;566,937221538859;556,244526267947
525215704,838503;553,36434718439;558,470054236771
525215738,880072;554,013562766768;565,064106083328
525215749,51408;559,208069370555;566,312933837304
525215767,762441;551,657430681986;564,550208022122
525215782,789295;540,204599158377;574,351166696829
525215794,583524;540,716007147905;575,265262878191
525215813,091043;537,638174340927;573,539689016425
525215828,102501;534,264734737951;569,711453808996
525215839,608493;534,230090211396;568,86075271441
525215857,930837;533,838929161504;569,089125093356
525215885,681638;541,157714740585;567,597569411893
525215902,726584;543,938564208419;567,036930799126
525215917,756005;557,07804753664;568,576015567923
525215929,734124;559,606989813184;571,668971395225
525215947,650627;561,636597681302;564,328468538326
525215962,835713;551,143824710262;543,96832795026
525215974,813832;546,43219382943;552,688928896367
525215992,797049;546,054278445672;551,648161217673
525216008,169019;553,659200835609;557,734725218149
525216038,789795;556,73758690815;548,337214086136
525216052,74538;550,882406555407;537,794087370659
525216082,652404;542,600284887094;535,825184993915
525216097,76821;539,169222250319;537,538697036749
525216110,520808;537,549069861785;535,734621893408
525216127,755205;537,676351764096;536,673000719622
525216142,832522;542,428264889301;535,128146179065
525216155,011639;550,294279192524;530,71788772504
525216188,868461;577,920079895229;507,33971267022
525216199,503752;572,719569299522;512,291534217228
525216217,799582;565,116985042199;509,799077934468
525216232,959864;566,057776410918;508,141098561507
525216244,988447;552,119290611743;518,908930443814
525216262,752705;559,901961709575;507,620274466291
525216277,722254;557,31963244304;508,237047733198
525216289,616982;542,184910678545;515,5245791105
525216307,821294;529,239952212854;516,108348022142
525216335,61486;479,225603861642;514,94564826553
525216352,83215;360,037217649097;526,086878284541
525216367,779889;353,388744693099;526,709501046827
525216379,359009;296,60264034775;534,643176941891
525216397,568453;213,574666016763;553,296357532027
525216412,712912;221,746957069711;554,481253843122
525216425,402218;77,3341010057919;574,379845971254
525216442,814518;66,6296543720546;577,082590121156
525216457,668601;67,3782268792916;575,701909443961
525216488,977898;81,6703114593552;582,502389923785
525216502,769264;79,4457260240222;585,556413138848
525216514,595139;76,0473599407161;586,904013947001
525216532,978638;76,2855601171778;586,771913508407
525216547,915258;80,2503761259186;584,966833587057
525216559,620108;82,7621973952203;582,306157720646
525216577,77353;87,5237131383695;576,204595995461
525216592,861966;85,3821594508005;574,544513718217
525216604,590337;75,2942141241331;574,287543586142
525216802,454469;21,5818774606299;642,895508605223
525217027,588292;-3,74792384350394;623,966189060972
525217042,532182;14,0212844488189;549,798744813788
525217088,607037;22,5444490864649;564,214920406436
525217099,410823;40,9427908201553;586,074324761959
525217117,599313;58,5658777122845;607,808914406209
525217132,682617;55,6385243228997;600,101219677556
525217144,679981;49,3601195225604;595,839236823937
525217162,707673;60,0740691641633;609,803254744636
525217177,795682;71,692870842476;609,601809624942
525217189,443226;69,0357735300482;610,910394250657
525217207,717246;76,0521146565084;605,659444497583
525217235,939747;80,5622805408302;602,699918159184
525217252,979562;90,070695114853;598,171564527224
525217267,743838;115,532090766179;594,853779697639
525217279,510269;129,190969221933;604,444849020274
525217297,706884;139,535507712907;605,687056567355
525217313,053195;139,100689968822;604,286585721929
525217324,569878;140,196186378019;609,131591314957
525217343,116313;140,488145727737;610,899271915316
525217358,040103;136,95066389461;617,066531621382
525217388,981191;139,034358928701;610,832869453233
525217402,910689;140,464265362468;606,602576234262
525217414,695082;143,18675628146;594,136426509903
525217432,782645;142,961617978967;584,339034749016
525217447,652551;141,754132706092;587,6015124591
525217459,604584;138,28927237708;587,834182839854
525217477,865774;137,955766200422;588,534184371525
525217492,795124;158,406201663358;582,275170197935
525217504,603466;160,464266308862;582,572440698637
525217538,791719;164,745059938257;582,2076003878
525217549,524942;157,26939663115;583,426545242996
525217567,709155;166,93477068687;579,881957026103
525217582,918617;184,757522815535;596,605193754108
525217594,733801;171,691811862531;591,985840871082
525217612,804686;172,409869099888;598,662040326923
525217627,819567;178,742487169357;602,852569625032
525217639,567609;171,814390125599;598,773868842434
525217657,921173;178,680629572898;587,763842408683
525217685,523577;176,008598201115;585,486872946023
525217702,715636;183,806804138314;576,302130627164
525217717,64969;182,037676813806;571,664200341803
525217729,579913;164,01370258801;572,319442264484
525217747,609315;171,031180407427;568,13305873074
525217762,781572;176,858494512721;567,984723867482
525217774,459479;169,375806894829;573,728193705386
525217792,604776;174,540540069391;573,229956478945
525217807,894637;192,213890563224;566,808552352974
525217838,953757;213,437138520966;560,997156813279
525217852,743412;215,609854102684;562,917355290556
525217864,902001;208,062223026508;563,848174730879
525217882,672247;217,254649902416;561,649752025518
525217897,847924;219,560681655412;562,02659879552
525217909,510864;210,382738963837;567,073156946292
525217927,775476;211,726098482862;569,270193367909
525217942,762558;216,966844951516;570,782490661812
525217954,612382;203,294094112105;575,003672411135
525217991,277599;214,758875143559;570,130897468078
525217999,934569;206,531228911883;571,41703073877
525218017,8113;219,951989672935;557,889325047778
525218033,136228;224,672050729846;557,591128849623
525218062,980387;226,254865515854;551,451766335269
525218077,807528;231,142573085311;552,553092351686
525218089,759989;224,649325763747;554,629380275279
525218107,822321;228,070455514835;556,758878727001
525218135,668915;197,850580352982;574,453787035937
525218152,737382;219,277888914588;568,970473064869
525218167,668015;284,573542015719;546,492316985194
525218179,693176;264,527376451299;555,019170008267
525218197,643036;289,681253768587;549,159356678606
525218212,771672;293,167307985269;546,805109225489
525218224,491489;273,574017338065;555,222807805084
525218242,656458;279,086605187739;551,129331621772
525218257,601631;282,366164499038;549,874389457949
525218288,939152;285,855137847692;559,740238530336
525218302,913982;286,420898650615;561,981603943275
525218314,618404;270,495965466356;563,612437142733
525218332,77824;278,162832609787;563,799924422286
525218347,70759;284,030017459377;561,77836520438
525218359,610443;271,101706677303;561,317007030705
525218378,020884;272,413029890493;557,757410528828
525218392,849735;278,927584600663;555,225653813287
525218405,41545;265,169491596705;558,014096671442
525218439,234211;272,548769922829;554,062853960426
525218449,548335;266,897274434487;555,730106359877
525218467,525992;265,847251604453;556,347917676695
525218482,686274;291,929421624291;558,065550865983
525218494,329114;307,415387001709;561,726727951924
525218512,366214;340,128468234433;576,031237278168
525218528,047377;351,341497055191;584,824302196405
525218539,454581;350,090213400099;584,289161666322
525218557,51734;373,898479743202;600,098298557023
525218585,453741;365,321907235126;581,323994233204
525218602,375952;358,590089854155;580,81890379496
525218617,460967;357,791296087769;578,840337031188
525218629,359971;346,766203472085;570,252400517963
525218647,624155;348,868636629671;554,786948007308
525218662,598836;351,302889114295;548,79514281975
525218692,620471;346,394325634517;546,37846162671
525218707,559229;348,022528554948;535,868461165977
525218738,306162;353,331872562976;527,976369704204
525218752,729599;391,019949029401;503,021485988909
525218764,928815;375,363529256852;511,220106392769
525218782,763208;328,09943762351;539,590814176013
525218797,679301;336,921922313925;539,818489613088
525218827,718897;360,626696014885;534,607606160059
525218843,047674;390,024677917151;535,032435128491
525218888,685469;429,606539771138;531,401212075764
525218917,534481;428,932077501599;535,71882912862
525218932,626766;418,108068182164;535,45082672777
525218962,472636;424,561300599882;533,941874915333
525218977,518307;420,059991774299;534,612591518939
525219052,707318;416,154765932579;607,577897777565
525219142,698239;374,700302965059;723,585748765069
525219157,571994;406,31912832185;605,854990711117
525219367,324439;292,2265625;763,568028691963
525219412,285687;321,152843565453;565,441616126618
525219427,56058;349,930342661734;573,236309548903
525219457,417569;370,347738993119;578,645564051894
525219485,567369;400,625814557812;586,377086759512
525219502,655508;387,002663368356;600,368614620022
525219517,285929;375,846583817368;623,736783981107
525219547,506422;357,326481926102;626,986026382577
525219562,607688;373,680959284767;587,807432158293
525219574,287306;368,877811180889;615,071439055935
525219592,714854;404,053797481114;596,042855379066
525219607,604859;370,611268314037;579,442282414101
525219638,881654;375,810269818926;588,427098620705
525219652,519066;389,055921376338;563,411728551006
525219682,565505;393,526032809979;585,259505069855
525219698,069192;428,731436102922;591,374100111683
525219727,768377;435,00081456037;589,805897691224
525219742,619038;440,247051672187;588,961453133946
525219754,738283;438,84000763866;587,708070988045
525219788,379141;455,701579477229;574,481141345556
525219817,399642;465,3832880095;579,2027057993
525219832,27639;460,416151875826;574,653936547088
525219844,427281;459,675324093848;572,837005027415
525219862,686334;458,629336411585;576,00984524867
525219877,433076;449,844812820867;575,763220299827
525219907,542379;433,355335252624;589,985376310583
525219952,875258;437,452503543235;610,052287914535
525219967,683582;467,983397413303;579,923760874318
525219998,8432;460,018704173284;583,855352215438
525220012,684602;459,020105338032;580,965060917476
525220042,596757;501,848534463252;561,959672571573
525220057,670226;498,798393044178;567,057930237596
525220088,722931;516,400792413511;564,655389754121
525220102,581011;521,919862250655;562,910705011255
525220114,873028;517,882438592327;565,467793830162
525220132,622318;520,514164168771;569,176513970852
525220147,566208;526,385845479584;577,278317624633
525220177,547216;526,329715690886;587,013180604434
525220192,450907;538,904816185688;579,544487324349
525220238,811434;528,578618708965;580,156385514898
525220267,536854;546,274725976903;577,092138056535
525220282,355869;552,155937966206;572,537898731444
525220294,599561;551,184852658255;574,356312419673
525220312,57679;546,702649000339;572,922475856062
525220327,542063;549,175349711857;573,001511942421
525220339,537289;541,520016624978;572,218396571441
525220357,642814;533,477750267916;572,450114537481
525220402,406486;532,981908918849;571,618860529225
525220417,402122;525,819043533551;573,616381331419
525220447,717982;346,499410208504;619,282719820675
525220462,730724;178,483051289523;634,270450722801
525220492,906314;166,007159577693;639,317825614452
525220507,822834;139,824730770404;641,286372399275
525220538,663423;74,2557594040055;642,810550837517
525220553,069754;74,388129254213;642,736464170747
525220564,530414;70,9913419356547;645,136225148667
525220582,563666;71,5729290411157;638,089736311356
525220597,56144;77,0078662007056;623,546385545077
525220609,421955;71,4433272166667;627,657107036774
525220627,684428;67,2575818502512;625,740114458944
525220642,94307;68,4185114723964;623,621117070229
525220655,148274;54,2063967483269;617,331029210851
525220688,869103;49,4175445408685;613,200386801038
525220699,598049;56,1103718538131;608,983773545209
525220718,042275;71,8852315676871;608,021237149148
525220732,832638;72,9895809043676;608,382078263205
525220744,660224;66,0310058011039;607,707960302558
525220762,720845;66,0425633628578;608,114137516374
525220777,856323;68,6966516088249;607,555531484559
525220789,508999;60,3985439149045;603,867069758865
525220807,828778;63,6489406215871;602,113232366496
525220835,464112;75,7797486276151;614,360360261596
525220852,544554;84,1858210518624;616,962804400054
525220867,856225;87,4687353324981;622,84234940125
525220879,989582;90,1709247834535;627,736394484741
525220897,613143;58,2164655605952;613,880939566595
525220912,533512;75,3551762270949;623,747026972906
525220924,571503;57,5947120755783;612,688503697904
525220942,6967;72,4430175395361;611,584573977496
525220957,778294;70,3378496806348;609,090218348814
525220988,846394;89,6070470356976;609,945789193351
525221002,701053;85,6719492956678;604,78550551789
525221014,636408;56,5045245705163;600,857650085403
525221033,010071;70,970553262945;600,447787178535
525221047,883398;120,009581449313;598,314008308308
525221059,43301;113,009097916298;595,833743782149
525221077,70147;111,534534363557;593,669882149453
525221092,72918;121,486028106643;594,546901218671
525221105,278216;106,964079962622;594,483071753369
525221138,824991;118,748183528001;596,162456154321
525221149,05059;110,811043043811;595,597261894507
525221167,712491;119,233682896868;599,535864775392
525221182,641841;122,291147815506;601,176171529019
525221194,046906;105,788643407286;602,072959222335
525221212,519784;113,507173003261;605,815546819624
525221227,580423;116,50466207306;606,302446042979
525221239,386627;112,028167227455;606,065093694697
525221257,604196;113,902363286649;606,176745987897
525221285,56925;107,211841102654;604,952687428975
525221302,632159;116,791110309038;598,282548746828
525221317,410119;116,343774406163;599,409937719802
525221329,060657;113,886961030395;599,68318989572
525221347,548931;120,321454288276;598,977449044023
525221362,623682;123,496353904146;600,478501842074
525221374,136516;109,657466106977;601,517798753289
525221392,57561;118,725991682636;603,746613647611
525221407,710661;125,337648375668;603,693963081716
525221438,296369;183,472643561755;606,705455429966
525221452,715957;176,015511732212;605,580042715516
525221464,332283;175,148046568143;605,062775951187
525221482,815852;170,510943818401;604,701800693116
525221497,958173;184,640465502285;612,747726906439
525221510,088109;198,379081783163;628,90014468237
525221527,517943;168,318917467163;603,432306730263
525221542,659409;161,791509778658;597,596966733668
525221554,382647;136,497357424358;602,663013407474
525221588,763772;137,669371808596;598,65904932367
525221599,213461;131,907008641088;593,094378379421
525221617,831314;151,514578608655;595,934026057499
525221632,537002;156,293343796748;593,871302407147
525221644,196948;146,418290551596;594,300320062441
525221662,517154;151,472122645582;586,001599599211
525221677,737735;156,548489000759;589,933243911984
525221689,344225;159,222072190247;592,710609970369
525221707,625943;160,62740111235;598,625509751827
525221736,250437;127,275455908806;611,286645813372
525221752,520477;136,498142290095;607,055033761838
525221932,196975;176,046382874016;655,057057713018
525221947,423543;198,978300319882;652,735985728215
525221977,232635;194,67551633322;635,882333581884
525221992,884717;199,360224238952;624,077343184352
525222038,255657;174,49175168115;607,749530836015
525222049,255735;185,34945819672;606,742965895864
525222067,176086;214,825515260325;621,402786232105
525222112,222865;247,369168225327;642,41313412834
525222247,246025;-328,254106176181;402,170726534063
525222382,079306;193,376445620079;627,916391971188
525222397,294328;226,738204355315;623,768818681828
525222427,180825;222,09891362069;618,873451250962
525222442,187152;229,381915335546;599,156893496094
525222488,496361;223,87579495228;607,98739711642
525222517,184575;225,975485712639;585,633955606792
525222532,49368;220,482658915375;578,649736626645
525222544,514138;224,658565803501;583,696216106415
525222562,441759;217,313997737728;574,362879695173
525222577,358707;218,998606798353;577,794457712221
525222607,335438;224,42313475612;609,607067436866
525222635,478396;217,201538877893;647,092997045108
525222652,493407;240,461876672617;657,071257698892
525222667,280776;251,53513095552;666,782700768915
525222679,654474;256,342622199515;598,730929905019
525222697,476893;258,100574630543;622,804594604039
525222712,452001;252,060094762468;614,56100186554
525222724,454497;252,532445721011;607,895597178106
525222742,559594;256,515139116323;635,164207931274
525222757,522301;257,920394570068;630,648272196103
525222788,479212;260,755632665952;652,22617182897
525222802,488253;249,259892828662;634,767235357259
525222832,405114;251,315063093123;637,927190288893
525222847,409302;248,406477683725;613,089890455739
525222859,259126;252,26319483199;605,838061584442
525222877,338137;251,952106228356;618,18158960933
525222892,39621;250,443302488909;608,836429517185
525222904,438477;247,638702651592;599,396394734342
525222938,757165;267,873555856929;605,698619193093
525222967,322215;277,135543935862;608,724202857821
525222982,372591;306,635873283246;615,969136910469
525222994,136456;285,541324552764;611,337742764127
525223012,310833;363,481578294287;663,368593784192
525223027,37917;358,924153921484;658,96171825763
525223057,356757;386,010454276072;655,360904834149
525223102,250008;380,519393789735;659,057647554433
525223117,374795;385,347328569999;645,607047152669
525223129,441011;317,945658327083;600,552892324086
525223147,276687;302,190059699247;593,105476720215
525223162,717937;314,664295579698;601,157041678857
525223174,258141;310,079624292706;600,588336741396
525223192,391463;322,031552455554;608,695591258733
525223207,567568;331,887616679676;612,104102332641
525223238,429968;338,142062072141;591,414814997894
525223252,489045;336,282260399796;590,280974886157
525223264,512068;333,568621792679;597,513491369948
525223282,673615;333,046978554215;583,918918635112
525223297,371605;335,116914175613;583,721586709631
525223309,180374;325,694939256863;582,725987295199
525223327,409918;327,761355290591;593,52242051526
525223342,528718;344,128029803714;593,805439697245
525223388,632654;350,286021682156;595,089145675024
525223417,696775;368,812544992063;579,728343581296
525223432,686423;378,191656334837;578,784810219734
525223444,483646;379,065230429249;582,459136354688
525223462,479692;373,11943404924;585,848041330809
525223477,687443;370,176969195849;586,197953885963
525223489,810109;367,992642029675;583,373858396678
525223507,516207;365,603834763915;581,322303776677
525223535,43593;360,81251062163;573,997678499525
525223552,393635;370,046723321876;567,888036853033
525223567,346934;374,823368135965;574,033064088753
525223597,452816;377,733960128803;575,463432857716
525223612,561352;382,81644595568;570,208867044445
525223624,417163;382,602864257554;566,204205834033
525223642,678781;380,734975223854;566,130472951061
525223657,969925;378,723361572839;566,657192740294
525223688,698042;377,484223806071;564,204217024089
525223702,494968;390,198843812705;573,767026704378
525223714,17929;370,539583973068;577,139680325136
525223732,582889;408,745156062539;628,417849741564
525223747,613164;405,933977052688;618,349719521999
525223759,714448;415,839264075776;623,76203031477
525223777,641214;418,337093642814;624,447933961357
525223792,505561;419,420066935921;621,623405663214
525223804,483253;413,599313198172;628,667589844392
525223838,639004;415,574927596014;620,503300151063
525223849,426112;410,200604923791;625,995729191302
525223867,524794;406,922891061881;616,318215561185
525223882,457565;451,447672136617;617,947998266838
525223912,609206;462,097649887403;613,949717672863
525223927,444473;474,35939967474;618,440419110129
525223957,513577;477,249009223569;598,685112346242
525224002,362353;469,72259315432;586,745767964147
525224017,291702;470,047700642758;575,354804411235
525224047,345839;474,272929842398;563,466522625907
525224062,677609;472,671863450074;557,900292845361
525224092,318634;480,439368995581;561,312001874725
525224107,281768;480,577666956478;568,179770806022
525224138,406319;470,104531833764;567,735071878926
525224152,309302;462,796755835667;567,950258946118
525224182,355741;459,931621576681;570,003574745606
525224197,29792;464,150822643929;569,74365080642
525224227,642005;460,566733558118;567,94045807963
525224242,195021;457,317790192699;570,670861639931
525224288,52604;459,414941489558;563,422246345561
525224299,457266;452,621722927825;570,224392075068
525224317,172344;443,521526921795;554,436669277607
525224332,338186;497,746918924539;563,578725741028
525224344,648164;489,584368220461;581,045475645848
525224362,451766;506,507425755848;570,182543308722
525224377,599219;506,157068514125;573,084570960468
525224407,387355;519,157480493857;561,938658218331
525224435,286978;481,182317624315;553,611878745979
525224452,774545;476,695625773196;551,067847540486
525224467,297625;496,873430786268;554,98950731571
525224497,66908;493,483655846766;554,60074361065
525224512,327726;532,71555756891;562,783335196084
525224524,39779;510,44458765029;575,113604433525
525224542,241592;514,735284749004;587,002813711476
525224557,497668;518,325887464113;583,822599613376
525224588,41438;534,590677377012;581,383855069616
525224602,722778;556,378546199415;575,862900804622
525224614,156496;550,716409918496;576,329618593419
525224632,274423;584,55094611163;616,223276027113
525224647,362004;588,225098485903;619,4993193599
525224677,30324;590,989831217623;625,237553557535
525224692,425034;591,693622694648;625,395494971614
525224738,292905;593,690373437151;653,893284606573
525224749,112942;591,998254422402;656,485827442605
525224768,803347;579,731202247149;658,135334422118
525224782,572903;558,434779263824;653,2347356874
525224794,483454;469,284636113518;652,335265588416
525224812,728821;413,617364744927;657,386223251156
525224828,00799;442,120430627142;639,625480216548
525224839,189821;363,325094514383;640,369953375245
525224857,522429;324,029269475575;639,066640303169
525224885,278789;242,9816578376;648,402837922795
525224902,543977;24,0530489516937;629,289919197684
525224917,450233;23,3589727555386;623,652131583932
525224929,05715;18,1698067445784;622,924063060645
525224947,341006;17,5990108730866;620,697552499252
525224962,364012;19,2564780546357;618,45319278917
525224974,310058;11,7315195812916;623,694072678801
525224992,656779;12,2548357835184;625,348257242085
525225007,405231;15,8367796799096;624,609834070061
525225038,555869;40,4314494038359;619,52126056399
525225052,658138;41,8687011726519;613,259227948708
525225065,126348;29,0286281635861;613,263274931864
525225082,477921;34,9610381038693;610,761857797105
525225097,440628;52,9811533892294;610,416101903772
525225109,781825;44,1937159239334;616,245577838616
525225127,520851;39,8830114458021;619,323333650688
525225142,565667;49,9618433484204;616,945648193008
525225155,130954;47,906280190386;618,593277196764
525225189,027976;63,5845613377284;617,702871905716
525225199,153505;58,5388187707048;618,941809295239
525225217,508351;80,2929539604806;611,516054814068
525225232,54718;83,7719679920767;612,990035350255
525225244,703203;72,8651277596087;618,627987609106
525225262,405451;82,6059890860315;618,389010844431
525225277,663238;86,704121174275;616,99042595449
525225289,853046;73,4842695859179;622,133787472516
525225307,544175;83,6519665232591;621,171273530481
525225335,463471;76,2970053780871;620,581582966761
525225353,010054;77,2211014627856;620,576615873915
525225367,915455;72,9934399301512;620,781473913117
525225379,340192;74,7932501668989;619,59475630522
525225397,570164;83,5280732959099;619,744873126612
525225412,654751;88,7475590170856;618,481683768731
525225424,436151;82,901131162236;614,877600471996
525225442,486081;81,1523256904267;613,712952508887
525225457,611723;95,3451001269824;615,087849104054
525225488,291515;166,026746273093;605,692408151463
525225503,098129;131,054478425904;606,660726083398
525225514,191863;107,213132830016;608,143712301115
525225532,833664;126,695037404109;607,656341297005
525225547,720249;127,500931491041;609,083050054922
525225559,174921;116,901823163478;610,492178425968
525225577,940314;120,509862986645;613,773071628624
525225593,363603;122,503568573486;613,985504889163
525225605,902802;113,146781233535;614,287891824095
525225638,904748;117,755476467331;617,622322557473
525225649,499839;110,541751557511;615,622068175715
525225667,873074;117,362231524674;636,833393991039
525225682,41155;105,222251852868;642,128816914842
525225694,194232;88,5761403201978;645,447099351515
525225712,552072;80,192377153945;652,870946883753
525225727,534878;84,8152258776353;651,895496631527
525225739,304731;59,6565764450301;654,317176838683
525225757,558652;44,584174283775;660,988885915389
525225785,450577;39,4230609436464;662,283186819828
525225802,507498;48,711502951441;662,244129589629
525225817,155452;48,3716586055158;663,06550447018
525225829,188739;45,0311706592218;662,095944515098
525225847,387492;49,0407010257326;662,457016194543
525225862,25697;61,9634011531909;663,430099526132
525225874,06745;67,5781964310195;665,646485017827
525225892,426573;91,1499941523993;672,161911768701
525225907,451717;92,0864129019674;671,04786149131
525225942,759565;95,4720176964857;669,743573675926
525225952,711894;100,247761004129;669,651401652792
525225964,297429;92,1889004233864;668,713828155205
525225982,435028;105,862930738481;665,711791028112
525225997,711204;113,297176701542;664,716327349584
525226009,176568;102,420723464761;658,081195909538
525226206,950038;80,3033495324803;679,625647804296
525226251,980993;100,812238558071;654,878347964385
525226267,009986;110,610854440072;665,005597100609
525226432,205314;152,36235851378;792,265900976785
525226447,100024;173,30001230315;744,406642022421
525226477,207617;175,942381660004;702,850225636159
525226492,308456;181,133652171475;678,088112550171
525226538,307616;187,666487760461;660,022841732936
525226549,028865;186,838329038994;658,222862303927
525226567,143371;177,899460504705;657,742105920373
525226582,086406;184,552775059192;656,540871675868
525226612,074256;178,338889616172;654,402726254418
525226627,016007;168,384115667023;636,446235844597
525226639,121567;167,440538011519;634,777453589244
525226657,632507;173,751383780618;661,292711386303
525226702,704517;177,95547757196;650,365282308894
525226717,545343;201,37713060474;655,494714235802
525226729,144562;207,617575282447;654,944404788167
525226747,191499;208,815118957553;652,907138061585
525226762,437311;211,689616086548;651,871514018971
525226792,233146;214,837011398988;652,360497297436
525226807,288653;217,533272307656;649,883053488994
525226838,449127;215,299721342261;647,255538246096
525226852,684824;214,785418794954;645,64167178458
525226864,435432;216,011579217809;645,277450483088
525226882,510166;199,215113411316;648,301601635194
525226900,098659;195,227512645695;650,437013720906
525226927,31019;203,029456166258;634,246106382348
525226942,395633;212,884460062288;629,928438822336
525226955,046022;209,818941148326;631,858363338094
525226988,656089;223,647390806977;627,196321086368
525226999,121174;217,027047982457;630,593981711216
525227017,366541;208,758129979122;638,555764747443
525227032,645711;228,230986025123;643,701105617207
525227044,697814;241,269814525837;653,919867411324
525227062,64468;246,695592947445;655,197152420639
525227077,578734;250,923048157002;651,03688079929
525227089,579519;243,034117160042;654,310459652587
525227107,409636;250,494267711327;650,15299226094
525227135,392224;236,438248708184;640,249864172974
525227152,511154;244,495214627553;629,570373053968
525227167,26816;246,954978611218;628,043305480629
525227179,110286;231,040759555276;636,665958991039
525227197,227785;242,390954910108;636,665963732365
525227212,407739;249,600230063328;640,568120614214
525227242,301079;277,640376888951;641,510791612368
525227257,315103;287,467703266955;635,907721292251
525227288,623545;287,012163962594;631,492271862135
525227302,552615;295,467026318075;621,834183868624
525227332,360852;295,758521816525;618,289778615826
525227347,359481;295,811590322292;619,803726332022
525227359,114366;297,180608090281;626,238227432643
525227377,239135;297,817850652941;626,434510773275
525227392,204408;299,159902209002;620,523523856031
525227438,380189;298,275967559388;615,547479922417
525227467,20568;295,358477377329;617,749999888164
525227482,246647;295,291286924939;619,392003536461
525227493,936956;295,67626956283;628,434714185039
525227512,207983;298,716079022366;637,665953571227
525227527,46021;302,453764338061;645,400538805796
525227557,189758;301,167681989101;632,066630014961
525227585,270279;294,408014387553;645,276973106765
525227602,42;294,956834955659;642,120247924728
525227617,490475;306,907119712509;631,264057153757
525227647,25894;315,478271738361;631,492109905314
525227662,279807;336,917966199963;626,460775599458
525227692,129098;336,442353531602;628,830523998037
525227707,350107;334,773461826205;627,247659537831
525227738,404523;331,005570970351;625,48630077634
525227752,319053;326,189288209715;622,094231978292
525227782,265849;325,892346212574;619,413520646557
525227797,384221;327,924788540964;617,623120416196
525227827,224103;330,527880618776;616,899458529797
525227842,262077;350,825608844953;609,08498753459
525227888,366012;363,965518486205;604,896246552006
525227917,203905;388,190771664396;609,921078049694
525227932,192271;387,94584954357;611,745566803742
525227962,313977;387,522386189046;613,990412039697
525227977,196284;385,803537432153;615,175651683493
525228007,140514;386,205839030487;614,625034576241
525228035,341632;383,167545743447;615,919227655185
525228052,267264;357,068931087665;637,17631643277
525228067,285138;364,596512128823;628,968183562418
525228097,196866;362,324864000595;629,463279461818
525228112,513669;371,026058126727;617,557754298018
525228142,235519;378,492340433387;608,121638291204
525228157,482615;379,325040341;625,996600109029
525228188,445941;382,998791571019;626,259705229369
525228202,515709;384,27015202846;610,838096688681
525228214,0217;383,666378283453;625,385046860305
525228232,259797;380,550155514496;622,054017882443
525228247,25971;382,88570092101;623,230394528769
525228277,397238;383,480441939675;625,666676196656
525228292,31889;384,926986565358;624,63818267065
525228338,215415;386,563713933897;620,228274778719
525228367,034918;388,727415804211;610,390868563287
525228382,138323;402,171400864005;592,84483656871
525228393,853863;398,116762480165;587,069215305365
525228412,466157;399,541216157559;597,212932535887
525228427,193227;401,75197505225;593,098744053367
525228457,112653;408,586148591014;592,761039814209
525228502,278746;412,137946536667;595,861503470448
525228517,310305;412,933152772687;590,029471986503
525228547,136075;419,728891471518;585,820759510437
525228562,205695;414,540095840945;579,852799420538
525228592,165748;423,121673429082;575,603867473855
525228607,293101;417,600199164238;577,418409056431
525228638,761912;449,375730281509;600,341617497298
525228652,21415;464,461048109144;616,390762949257
525228664,295761;460,197122562281;617,010812710634
525228682,185322;457,196601042715;622,439490031523
525228697,305404;461,837222459027;623,95762891713
525228708,942685;454,074656229689;634,380939370537
525228727,232956;438,00526872045;645,043486202243
525228742,220894;449,203461855476;634,934583107835
525228754,37991;444,413400979734;636,188459517063
525228788,680636;456,020579128131;622,766824097794
525228817,358159;476,391122536446;617,975705791319
525228832,386724;481,260134213717;614,12778295374
525228862,371154;482,088048333387;616,406199057408
525228877,609696;477,199068425162;621,263169263462
525228907,321711;498,374222442709;647,400353646509
525228934,711144;485,362864380063;653,709685693068
525228952,073409;456,095483788496;659,911336036482
525228967,34317;452,621951283111;660,348055628051
525228997,156111;453,981815329294;664,623624132325
525229012,048255;459,662325294346;668,568146609972
525229041,800896;460,522741491316;676,471474007436
525229267,090812;514,071189099409;742,868467288342
525229282,298136;504,545398622047;741,261473893715
525229538,307616;513,918284018209;704,644336435715
525229552,234121;521,373877337598;692,997122311653
525229582,363524;529,149753714118;679,596114712469
525229596,935357;530,581657110964;672,542553729149
525229627,060483;530,583247147976;671,051311422525
525229642,024901;506,331815173093;725,927349490117
525229688,075807;315,30178856794;652,054137970858
525229716,990678;128,698385762087;700,148272887932
525229732,107767;221,811998505257;665,187107843965
525229744,064504;96,4005179096494;757,317436663524
525229762,093907;60,685825103792;758,176333237625
525229777,043356;56,7913441229369;736,231915622752
525229788,963315;40,8452841974988;723,546867872165
525229807,131277;27,361083207924;707,472887570802
525229852,227236;46,1519935290463;701,827116523299
525229867,19037;34,4463776609046;691,373367846615
525229879,464853;22,1331297965707;699,39104760793
525229897,168812;23,9402157334803;697,503254260703
525229912,369721;58,5269100331846;686,420588404675
525229923,677281;70,1709053927343;694,559195385558
525229942,076176;74,7003198807499;690,620307341481
525229957,694474;68,6088273884413;689,932305040862
525229988,362292;87,8745296845153;686,391450326378
525230002,890076;93,0475556751466;684,701274999657
525230013,992363;86,3065953120369;687,314526450388
525230032,393396;89,9622271282887;683,040107306826
525230047,327022;89,5407353576063;671,508782645934
525230059,062663;76,372068388939;675,221811501165
525230077,36448;76,7802693434262;669,898868811051
525230092,214286;81,8841125650497;667,988226747759
525230104,54137;71,9113358130591;669,89686053605
525230138,539319;96,1052900226772;662,338460158685
525230149,011674;79,5486329142073;668,13494099624
525230167,180491;93,7270072199856;663,244846266964
525230182,494728;93,6751007688017;655,364636615264
525230212,270463;103,04161087833;644,346246006779
525230227,337089;110,887509454552;664,747775879828
525230239,604302;96,6960517778043;673,926990607863
525230257,231711;104,118684339646;668,699553974993
525230302,246844;107,051546104307;675,875107286277
525230317,307055;112,153811215294;666,631987634885
525230347,023346;113,560709745071;655,773980907651
525230362,275146;116,818734160293;653,187094393521
525230392,235199;128,594332569727;650,053542488045
525230407,374098;135,83989955512;642,509624810609
525230438,422527;136,939243465828;645,203769337273
525230452,446108;139,740075807532;641,880366656389
525230482,166676;151,237074709891;637,647470035897
525230497,448411;151,326671258441;640,928019226936
525230508,910782;152,954286196953;653,11867861122
525230527,27632;149,611727724404;652,397016578471
525230542,360052;148,266760713011;648,862470727051
525230588,200554;143,596835353265;645,928145954192
525230599,059079;133,012309787912;651,560983048947
525230617,112858;141,983319321285;642,840653557045
525230632,412555;144,527112808502;647,342573107689
525230662,189572;150,935597956949;647,437973025087
525230677,476867;174,678525908586;645,597805434529
525230707,684531;157,86389489608;648,626698483947
525230735,360492;156,162779150781;645,880333267281
525230752,490114;154,103244123006;645,200992175228
525230767,608913;158,153867582967;649,254721630479
525230797,110095;160,230862960514;651,359228226149
525230812,269522;177,786279398811;660,103915271497
525230842,138485;184,252648478177;661,65655114504
525230856,995989;184,898117268732;661,734344892509
525230888,195807;195,35163243052;655,541621693271
525230902,305346;200,844001806621;651,253271102853
525230932,091345;208,65438528189;653,291250748666
525230947,107508;209,857547625806;653,708759633469
525230977,013677;232,902808958983;646,489698468446
525230992,155997;231,99542140221;647,005723413944
525231038,100846;231,355296768191;647,290644712445
525231066,96953;241,920628941851;645,933527950141
525231082,45996;247,497953460952;646,287928585432
525231112,413171;251,450166833711;645,713452912694
525231127,188565;250,245032769237;641,064573618042
525231139,022138;249,556782768264;638,37544076858
525231157,430014;251,903853671042;641,622536288877
525231184,943894;206,690833887107;656,407764275002
525231202,461825;231,34575039531;653,069961411778
525231217,387325;226,02879358964;654,375721476988
525231247,337115;245,019362826232;658,499372287209
525231262,154847;270,064406976473;662,694294875528
525231292,09309;272,825521166596;666,282945833661
525231307,159288;273,049587857236;666,647158651597
525231338,046064;274,416105626725;662,875428404366
525231352,10343;283,207556151233;652,239630399934
525231381,881731;285,347414864988;645,415268741612
525231397,41236;287,475170879384;645,100276362082
525231409,00602;283,687009406608;651,706887827637
525231426,928082;279,152394228888;654,043922812735
525231441,960924;277,781529979147;657,216170182539
525231488,155949;270,398562995975;655,026202102318
525231517,090492;271,597061349821;646,612518722386
525231532,209719;272,725963197546;646,35042046717
525231544,12027;272,554777173;645,75145686198
525231562,594431;264,039046460829;644,236597347714
525231577,429269;257,373249917841;644,163516146291
525231589,16491;249,549538459241;644,566260604943
525231607,380769;245,987837292028;644,532575184743
525231635,045184;235,219015746633;644,008775264902
525231652,125198;237,160273206676;646,002123458221
525231667,173863;252,453217136333;645,488894630052
525231696,980816;259,933224315151;643,639197964469
525231712,172317;259,574149211583;644,009881369098
525231724,14616;265,176547145643;648,543557221452
525231741,916405;266,813253861921;648,109102058755
525231757,124157;268,787589199901;645,800195291076
525231787,964318;270,325965495618;645,898820626772
525231802,248768;271,192808546777;646,763956311443
525231814,211492;253,411659628665;656,699266844379
525231832,252442;267,230910686029;647,845366953688
525231847,295974;265,309402944849;642,733178404289
525231858,766043;254,243795964656;649,339248192847
525231877,08069;254,620815391961;652,303871307349
525231892,260216;259,44678565134;651,312247812134
525231938,143911;265,965386939801;657,788576120612
525231967,021576;269,336596888332;664,872869753946
525231982,193404;266,75753065872;684,095133569725
525232012,014898;279,879587074978;674,319300047346
525232027,137974;283,259907444892;664,054170923683
525232056,956474;288,098937173809;657,985564612227
525232102,232902;293,185326358835;657,742433033003
525232117,318773;293,963877241263;658,744975487717
525232147,028649;295,982910127898;659,17541376347
525232162,10896;295,007641385485;655,222623919752
525232191,947987;299,307140738382;649,410117291038
525232207,152317;299,502520111139;647,57952141996
525232238,105807;298,246818234934;646,762417215474
525232252,535659;293,94802854094;646,968953721306
525232282,3084;291,802316104684;640,383680100748
525232297,126132;292,434680275688;639,807132304711
525232327,102008;293,981503699868;634,818925329804
525232342,460294;323,113559112293;645,004524938254
525232387,993313;361,48828556988;658,420905884716
525232417,352942;363,478447923979;657,540741875309
525232432,000469;363,514265266919;656,529130065425
525232461,776203;360,367830162013;657,076909282653
525232957,063686;293,54430671752;707,917855917077
525233002,112603;337,72522453248;723,499604726709
525233016,707529;347,187251929743;729,423607835115
525233047,120038;349,467675143009;753,333534616638
525233062,094719;349,289550078979;829,321598005126
525233091,629685;357,293999219312;806,184876326209
525233106,967871;372,514905917958;768,147163703317
525233138,003898;338,124041169394;810,888881287361
525233151,909447;307,915408409311;865,747645252732
525233181,949044;309,371859088858;847,733994348279
525233196,947245;311,33138372728;824,649899082954
525233226,900456;351,097097974834;705,845111670934
525233242,032085;368,140378649025;707,774914289567
525233255,630152;371,463353173359;706,815759030632
525233288,192899;385,920485989115;715,342611844923
525233299,087774;388,208712889289;715,814725714594
525233317,359229;386,520136197541;717,292467032837
525233332,24453;391,904324509003;732,173093017073
525233362,265737;419,987946960227;759,589379275735
525233377,868212;476,60663779214;726,311387608796
525233407,489992;466,787946565332;727,183561204361
525233435,096245;426,919894554328;670,7025355242
525233451,921806;447,299231665953;677,90335234689
525233467,189002;450,561513343824;672,80638403892
525233479,05978;442,968527204161;672,352681999941
525233497,032733;445,200625065703;691,757152170587
525233511,987742;446,571548360773;694,055856445689
525233541,952499;457,237432692625;698,580725159205
525233556,972511;462,676879868247;699,352366629042
525233588,286084;471,933634316195;700,946239310595
525233602,232261;468,5852093033;705,970655830107
525233631,865587;468,734373143091;662,237168472079
525233647,120808;468,352816852981;662,381839055224
525233676,872594;468,704239878743;644,402606474517
525233691,872079;475,612752314169;643,436759144076
525233737,866108;480,577171689906;653,7471165527
525233766,783116;478,325751003104;648,375072225691
525233782,191437;471,099204994074;648,389008940529
525233811,814927;502,789244891178;662,89017663618
525233827,029094;494,010536502536;657,536023881264
525233838,77286;509,530148102286;665,221133836584
525233856,978028;487,82277474871;680,574225290395
525233901,890951;474,973692157204;690,793909126803
525233917,408751;480,809792187542;682,399210038476
525233946,720055;469,338125154696;695,850253862162
525233962,357597;478,092696267417;686,423361665946
525233991,991351;502,203299263324;645,272334000399
525234007,065247;505,984707824783;639,404995668207
525234038,056371;515,10318547426;634,165073404563
525234052,068406;521,175433355892;645,113250889586
525234082,082343;536,295635839899;651,915960950915
525234097,286245;537,655307783514;655,491588000763
525234109,044124;544,648333453144;662,031385737023
525234127,121424;553,674213404672;671,397887440217
525234142,136732;553,672258479067;671,631236318014
525234153,964318;552,164297104629;672,738751526368
525234188,235108;548,778443714945;680,08022060816
525234217,148695;552,062403186891;681,304919287396
525234232,17726;559,134919915744;673,924603993761
525234244,25374;546,899972767587;671,95005587911
525234262,060336;547,875396319275;662,999918748676
525234277,064525;534,322736962913;667,229199715173
525234306,973259;455,077384135426;688,199588500225
525234351,568009;301,75433718351;716,687322695736
525234367,144397;258,105515977924;715,141754608988
525234396,209374;173,068213165234;688,754488735679
525234411,839218;129,952837585178;699,424889428999
525234441,802265;113,088410731819;701,416731995995
525234456,693981;148,485942816048;733,024712465868
525234488,125586;115,783339122643;700,820357166933
525234502,201341;113,169782302654;689,797363314844
525234514,196567;98,2627529019479;680,985437909449
525234532,147282;95,237209126817;686,025793777659
525234547,13522;99,4138408557462;686,172998368328
525234559,030375;89,3736228777687;689,368920241528
525234577,188929;92,1583963151386;697,985623248674
525234592,225619;97,7584158913172;704,235333535086
525234604,258906;73,8355863549816;712,573883022748
525234638,098195;88,4525450406282;714,82353539183
525234667,127676;90,2215929037833;710,992192654871
525234681,974489;86,961198032272;697,096155763728
525234712,029908;86,9144391254116;700,685821325944
525234726,970377;89,1619571665333;701,873373693819
525234738,999387;87,7839549383249;695,864924410224
525234757,175902;82,2757387704586;697,190592791046
525234785,428339;63,5571549534212;702,019414046067
525234802,168369;83,4413948978358;699,53177290283
525234817,16486;127,739064551899;700,550925500593
525234829,180614;106,49249549854;700,280379099005
525234847,121065;132,507917039399;703,382540637722
525234862,20608;131,852990775913;703,859273478728
525234874,50109;125,240832677054;705,422808131119
525234891,953162;134,370978352683;704,444406647229
525234907,262267;132,236533826808;704,075097451529
525234938,333789;122,076209068671;706,000100145692
525234952,038769;129,916453455226;703,265718981738
525234982,177153;141,47674965325;698,63809407971
525234997,09068;141,268346628195;696,735839645997
525235027,45016;143,910273179601;688,810477264123
525235042,057915;144,580413294371;686,407778643517
525235054,014652;143,891068182522;686,739743936719
525235088,276034;146,304356140503;699,297010271059
525235117,051062;146,775449008807;699,375656384504
525235132,095023;146,800006968896;698,280904623005
525235161,909674;141,792739010426;691,991687908201
525235177,212792;142,322309678457;693,092557142129
525235189,153706;144,152511149909;694,505464812243
525235207,039417;144,673800843094;690,381088631633
525235252,661816;166,355939394638;701,553319120594
525235267,075417;156,664708463544;680,569247718171
525235278,876488;115,209137700663;699,437344569547
525235297,088071;145,01873239987;683,777915975874
525235312,40744;131,06927031732;711,70227139633
525235746,794637;160,229607529528;837,69132598692
525235761,982717;160,229607529528;837,69132598692
525235792,180117;160,08889404646;766,726587846996
525235807,128283;153,425093516397;703,788533099702
525235838,331522;157,96368943949;701,326889789368
525235852,413692;157,332835888284;701,111547570305
525235881,870826;151,276953923249;696,616314051575
525235896,653063;148,26688495955;699,641324370724
525235926,711048;164,457683057126;714,255644595107
525235941,989363;167,395218881142;711,922111830111
525235956,194269;162,105116132758;710,792571839242
525235988,228009;195,725178781076;720,211279505306
525236017,126628;227,078053316369;735,410773389542
525236032,256975;233,000043057377;736,808057136599
525236044,065744;234,835885536819;736,818332277557
525236062,495429;219,692622268517;745,222243734054
525236077,380731;225,424584696169;760,104212720222
525236088,982516;215,896412556982;742,305972147164
525236107,486186;212,735916115811;735,711820935237
525236152,092055;214,23884624035;736,277818378205
525236167,00216;205,659825185418;729,254564841227
525236197,346673;205,794450771847;734,972573745343
525236212,154997;206,665230226277;733,146004486522
525236224,275952;186,635462247218;727,36619040729
525236241,938002;190,818789187457;736,523740882114
525236257,198354;190,446880794566;736,919451173192
525236288,05605;198,411756541266;733,706877461044
525236301,873503;190,169593133382;734,926595487259
525236314,130024;192,96933490983;736,432250462583
525236332,199627;219,457469200455;713,612678118287
525236347,029333;222,744015575248;708,952069512895
525236377,276769;280,786250906256;731,727186164943
525236392,095356;273,378984062478;727,04886881119
525236438,091951;288,728954955832;730,431344189373
525236467,180021;272,720224999457;698,961689660613
525236482,108515;273,978573985672;691,902210589639
525236511,775198;261,651112666851;677,669071664295
525236526,848667;259,093623015585;680,481533822146
525236556,72319;255,681843514603;684,788576147196
525236601,930338;262,126677116847;687,281168011527
525236616,938376;262,136969956058;687,179725481912
525236646,971557;251,597564267246;696,841401442055
525236661,953508;252,250160598274;697,647026846448
525236691,86096;260,740936152345;688,93603476168
525236706,768927;258,281104296851;689,152832211736
525236738,057269;264,63776366772;684,151452079644
525236752,138583;264,310347726666;682,337091723002
525236782,2218;263,532495386989;682,511588247542
525236797,231121;256,283171816443;686,493116259137
525236826,852473;256,069025117603;682,175472741556
525236841,793369;255,408097610223;685,020966407962
525236853,779187;250,365129193213;687,189496659389
525236888,142778;244,557563156814;706,548024140086
525236917,00633;259,045371621903;715,680755059702
525236932,276518;280,127944787605;704,999239947713
525236962,245124;307,117606604712;692,757712968895
525236977,259149;307,275309918528;693,257631286999
525237007,362894;301,884398060612;685,412822072007
525237034,904571;300,422834111526;683,921164427565
525237052,024785;279,286419263689;662,585803079273
525237067,128617;287,450495747044;670,43260299106
525237096,864152;285,146985050994;669,680106503394
525237112,436691;299,149437534095;695,083112763426
525237123,790438;296,330850297704;693,379028635193
525237141,934452;295,608335417843;691,291157433372
525237157,228162;304,798419667249;688,268594275917
525237188,249648;316,218018640755;687,986839274057
525237202,153487;353,140923266897;686,229533613064
525237214,142726;345,709105516568;677,23155080529
525237232,050247;351,562832596086;677,966283816485
525237247,033054;354,144327189366;680,106044454922
525237259,188221;351,769944588646;680,503074996653
525237277,040576;358,043179557194;682,247841685613
525237292,066575;362,230875126124;681,845439030198
525237338,272292;371,678231754946;682,489347183642
525237366,906623;357,022676212957;688,261814481593
525237382,269184;356,077293208103;687,791927788878
525237411,893958;359,520537537066;687,133316994801
525237426,990519;369,167749781239;684,052396397721
525237438,857449;374,365308965676;681,794999532895
525237456,866752;371,206411290683;683,246528643722
525237502,546457;357,076018677317;688,756923630537
525237517,15635;356,417099350848;689,094349089007
525237528,807316;348,678163496738;693,715345348843
525237547,177985;346,407300048976;703,949109579644
525237562,379322;356,225372194443;709,002504930841
525237591,898893;399,447536748449;696,381438564151
525237607,070294;403,56023289557;695,173964527006
525237638,032337;380,800339619916;701,906646413945
525237651,960124;383,283067528759;694,571683040741
525237663,702607;385,650652057991;688,593790218738
525237681,883826;378,193598923182;685,990309719467
525237697,095854;382,305245746704;681,695202167481
525237726,931461;383,90483694711;672,198562463534
525237742,199083;388,910179818973;670,346156419488
525237753,761097;379,565245252639;676,449392717021
525237788,217489;398,770249471679;661,245948076069
525237817,107127;411,117740559713;663,30854233342
525237832,283233;416,542335941557;667,653674417521
525237862,063671;413,257121326842;674,639501374599
525237877,159806;412,086452106319;673,537529378796
525237907,217791;408,646974372996;671,50472664494
525237935,025469;403,857534769178;675,775723379939
525237952,054165;385,76874173368;708,195765706972
525237967,072894;422,916194197478;698,179617025621
525237979,081377;428,430885563882;693,680083086373
525237997,065876;430,67850378689;692,242452474631
525238012,08546;431,37590664187;691,256512511643
525238023,853603;441,738447209593;683,470080201984
525238041,974951;438,304416134838;682,90862667774
525238057,127107;450,379674904461;689,511387644072
525238087,997633;445,145453597103;690,252358016821
525238101,922426;448,739986552618;684,974781676158
525238114,096411;438,543642427183;687,643756351599
525238131,998373;447,007513142991;687,926788871091
525238147,079112;456,974294327028;692,776703556193
525238158,36529;448,087676708283;692,509589577508
525238176,855702;450,624748736577;697,532650789923
525238192,124608;453,877299400837;696,673231469766
525238204,171579;451,130695517802;686,228039450853
525238237,992907;462,868138577949;684,970464852608
525238248,779587;459,78080209333;688,303433362461
525238266,938996;465,467018746083;689,91805156316
525238282,467487;465,755665727702;690,132046825641
525238293,938838;461,822113484754;685,970462438244
525238312,275723;469,741805042481;690,66497836497
525238327,089606;474,098537197436;691,459494357653
525238339,4787;480,61400557893;693,749671350496
525238357,025283;498,409449042056;695,395652059551
525238401,778692;526,154188097438;705,846088253483
525238417,08908;522,055309354987;733,523087277405
525238428,791364;514,168812613553;723,369553620183
525238941,936334;515,274283341535;808,086752831079
525238956,96276;529,636134350394;787,626537541176
525238987,725517;519,425873763927;765,809002833198
525239001,714887;509,846163754704;751,796279341817
525239031,679216;508,959783412133;748,173338863755
525239046,659029;505,368004812307;746,707077337975
525239076,805966;492,656399946068;742,993998019092
525239091,779364;461,16961813385;744,854203142661
525239166,670729;-10,9310023991142;778,3644240829
525239181,921246;12,4145614938098;787,09275713973
525239211,930479;27,1624232634759;779,298993876555
525239227,001809;26,5956986058504;770,992806858745
525239257,120521;19,7034547580262;767,910529394145
525239301,767445;26,0395682622846;767,805896907339
525239316,649325;29,7436099003951;765,54549850066
525239346,797973;44,361286315723;764,434487706305
525239361,81157;56,4027474751209;763,83440730122
525239391,833205;64,6365956650279;761,16125534103
525239407,155995;80,1812029176404;755,048093865423
525239437,785324;83,4590574202919;751,394649977641
525239451,706697;83,6702336981691;750,134039918702
525239481,716785;92,4903515481384;749,226887789913
525239496,930524;96,214423643952;750,811178400418
525239526,829423;99,2648738551616;750,973265797525
525239541,742949;99,0490771914156;745,846768693587
525239587,990149;99,5460649916723;745,16323983739
525239616,73909;99,332328698844;746,7735354888
525239631,977204;99,8563310027937;743,893722509381
525239661,886367;136,784160117714;725,957628309719
525239677,157838;135,629043282807;726,251759326873
525239706,964792;137,267969706618;725,666197387412
525239751,728037;132,325876902178;730,611861865724
525239766,77328;127,414512915558;736,161193212654
525239796,788073;132,117058349656;740,209269486378
525239811,959474;133,617469249503;739,274293596849
525239841,672771;139,742746516026;735,061260127394
525239856,732555;140,061029827431;733,402692926279
525239887,865231;141,514479932866;728,299432442521
525239901,989739;139,972749923258;723,927033896982
525239931,847583;134,224908033786;718,877198667021
525239946,939441;134,239298301265;719,676354467824
525239976,749815;135,565534252825;720,011095897504
525239991,761274;146,393101489055;727,579931849605
525240037,802773;153,784372336366;730,554121337686
525240066,66889;193,062355784931;724,829650023595
525240081,78598;206,925419816198;718,594598984345
525240111,765277;201,278295250118;717,564303646308
525240127,015366;200,892724663546;718,436675258728
525240156,791956;204,04901604292;718,287847482031
525240201,668957;208,19735824285;720,084633408448
525240217,239785;209,934481971632;720,173773105147
525240246,892356;204,348351779305;709,00249373022
525240261,846937;204,81463373886;711,010608533651
525240291,774916;213,330295491397;710,356827642113
525240306,82187;213,889871601784;709,660316711037
525240337,525611;225,651075932348;708,761437723072
525240351,892598;271,444686848117;706,992326801334
525240363,665016;272,224787978199;708,527748841982
525240381,964696;250,446668113601;717,031641170186
525240396,943225;266,59489368616;714,081592005159
525240426,698433;247,048184438421;722,765008136427
525240441,74838;259,778604593401;721,714638749798
525240488,021667;262,184697432345;714,958400384988
525240516,753074;260,15952030695;711,076162631967
525240532,266597;260,195376186486;711,593312747763
525240562,18474;262,603212818648;722,205735182147
525240577,129485;263,432639750389;721,194053496683
525240588,703473;267,129805326068;737,242057328601
525240606,96167;262,395920501926;735,794906766672
525240634,59957;251,295401628004;734,983007035328
525240651,907523;251,552357129238;734,559218319805
525240666,834734;273,700641478049;718,322467637884
525240696,814031;286,299212827809;719,002191488633
525240711,878947;293,51435022362;721,988236450136
525240723,403327;296,693569618254;719,823534516527
525240741,746627;302,902809275387;725,319544267012
525240756,941121;312,302162612579;718,044674686055
525240787,821482;311,69725854493;720,678269883048
525240802,039646;313,550743396179;716,463642715325
525240831,847027;317,297360999245;717,265250922189
525240846,979512;314,330425292893;715,680331992432
525240876,901076;312,04249330395;718,449496430572
525240892,184949;312,126400017837;726,164555912278
525240938,226448;312,073643252817;728,342514684241
525240967,173392;321,949869457283;734,012035213859
525240982,02833;318,78303604006;731,668398174187
525241011,65567;349,305438038315;723,237957015723
525241026,785161;340,060235560349;715,889780914387
525241038,44639;327,403400882429;710,895987191162
525241056,950915;336,131554732515;713,386885987941
525241084,741486;331,359076610754;708,999719482931
525241101,816369;337,774099246706;709,551862305857
525241116,846644;343,116444016791;708,919686561436
525241128,815783;341,671899185427;709,512624227696
525241147,052597;349,328390238776;712,084091891596
525241161,970828;354,556466202921;716,309426354817
525241191,652479;358,100498087279;714,815966007899
525241206,876054;359,283791939923;713,067845754093
525241237,866322;358,158869849979;714,091107260155
525241252,242289;359,635253443329;712,931038679233
525241281,757583;374,801426635175;706,687650821971
525241297,06455;376,127584654162;704,094837922449
525241308,751439;375,002707056547;706,653196750514
525241326,738076;375,593025126238;710,604167744139
525241342,113895;376,99262859448;708,483533858928
525241353,94533;374,046428344261;713,234955565478
525241388,098516;371,335780754007;709,951971382805
525241399,279063;364,664004715885;712,565411461798
525241416,87055;360,228836452805;708,845085753739
525241431,982507;372,941210823896;703,246584343152
525241443,94908;371,988334024605;701,373518839217
525241461,979766;373,199876625878;701,172660079617
525241476,926649;376,309665577452;698,866698180391
525241506,713503;408,452183268055;686,796024347436
525241534,621252;400,696255585389;710,569066428484
525241551,910388;406,396613914729;725,343047478515
525241566,737529;435,707493385366;726,872207236763
525241578,205886;437,210888160245;730,282896952561
525241596,81818;440,329629294459;725,792531732354
525241611,737693;437,721052627577;721,552481912363
525241623,807758;443,383324681026;711,795358162015
525241641,751203;441,886548160381;707,676987849043
525241656,891385;440,922082554317;702,009299743351
525241688,039029;439,549133370843;707,811801607909
525241702,054486;440,581842810727;711,467074138965
525241713,526264;438,984434939032;710,040038462629
525241732,012828;434,111174307827;711,504396310896
525241747,009747;440,232102489609;708,323191790022
525241776,818838;440,283223259278;711,891651800181
525241791,924381;427,262791608388;709,661873643693
525241803,356816;421,700433814901;711,820137863072
525241837,871368;428,279555071111;702,106111121956
525241848,25691;420,169777689515;705,545317867427
525241866,612184;416,109144136581;708,919653291097
525241882,000832;418,805441813485;708,921728667264
525241893,419155;420,700010936341;709,203756038727
525241911,725249;420,972550193641;713,920943742882
525241926,736708;412,539530500018;714,150886064249
525241956,818214;315,518146530638;738,713135685805
525242001,855157;227,550809270949;755,337309147825
525242016,600616;227,946496360445;755,716485883659
525242046,80999;53,3021954549516;746,384171679055
525242061,800922;83,5827977254399;753,1937068567
525242092,088129;73,913584628738;749,818336360989
525242106,699733;44,9486450883224;735,79868218987
525242137,749872;45,8426764450951;737,292102777437
525242151,926553;46,3239062093403;737,512575584945
525242181,690314;46,8146406745872;743,238616979572
525242196,917737;62,6702746534699;739,574786561138
525242226,711861;83,8575795874494;732,474727337086
525242241,825957;95,9236231458691;729,588989868809
525242287,602738;99,4260193325015;731,250108796046
525242316,475271;101,177976306978;739,671082542465
525242331,66891;102,816162562227;738,139629225742
525242361,640509;113,10953076078;738,620581903767
525242377,012907;112,160698736654;740,964666585164
525242406,814301;112,654153710319;743,555876801137
525242451,18325;150,295497557964;752,599154824986
525242466,463703;157,257049142555;750,937023904089
525242496,262531;199,017479645331;725,044370708688
525242511,811549;214,152586535076;733,783806186738
525242541,230621;219,58378412818;743,200873045935
525242556,375508;220,107085888919;743,009055449078
525242587,579175;198,813966843983;752,039677451319
525242601,651936;192,751512816318;754,165136550376
525242631,663307;192,013291929576;753,538250061407
525242646,649535;185,717150086221;755,621161993053
525242856,28352;244,840828001968;815,884498917623
525243081,323687;241,524590920276;827,997813212868
525243096,551111;273,682794045276;808,233388704735
525243126,484222;275,066379973789;789,655673529154
525243141,731745;277,048227502431;778,114446095132
525243187,727484;276,036035746105;766,103893790815
525243216,760387;271,049251785034;754,66933080431
525243231,744476;273,27826102855;755,484805746919
525243261,89569;315,636355536399;813,965050174043
525243276,94521;340,010312374809;839,638093026578
525243306,922369;343,375199188099;844,306083997886
525243334,652641;342,154854979928;839,924285535164
525243351,573569;316,935372797112;783,798618439798
525243366,722304;323,762756401462;794,503050110597
525243396,603669;323,265968206754;795,121689459801
525243411,851192;330,341624545174;808,84595846562
525243441,520869;336,186993316092;813,3273068317
525243456,616576;335,535025321105;810,124801638956
525243487,468284;336,669156574331;798,921551658458
525243501,60947;337,048889176647;799,81656973333
525243531,710649;337,696465305759;795,871560030373
525243546,672928;341,650202544042;788,214851651397
525243576,607321;338,761244977127;775,742816642881
525243591,644012;334,429845943157;771,540374521046
525243603,525054;335,956099462002;772,059638647962
525243637,748803;343,137656627848;784,120482641933
525243648,508968;347,336386589307;785,424004676345
525243666,908718;357,517429716745;784,673033115857
525243681,989029;365,457740578121;789,456477779557
525243693,387252;364,873628603609;778,572966225241
525243712,037178;367,321453953852;778,265151075401
525243727,094396;372,166567384395;784,093563318373
525243738,537095;353,347823752596;780,660362485188
525243756,647324;366,253600166878;785,397652343816
525243801,746276;378,083267045638;790,184928719702
525243816,691022;394,393947178663;794,324543724076
525243846,600184;408,295557493514;800,831564851233
525243862,121832;409,906303293015;805,829043136611
525243891,569557;411,963817130125;806,280079427963
525243907,167328;411,635303472251;807,030939901797
525243937,81248;454,498508671862;785,125946242364
525243951,817673;459,221775030756;782,91767616521
525243963,401497;441,435407692002;789,841559903777
525243981,601961;446,165139797608;783,252695469878
525243996,839648;443,893698026509;781,210054102379
525244008,834018;445,446408379357;773,445880941486
525244026,872402;446,171670833994;775,258436125684
525244041,883005;447,32285699654;779,472344024584
525244087,927498;454,004796466476;785,670767453829
525244098,477685;452,11146481173;780,158519049758
525244116,915924;452,735216843126;776,958579797546
525244132,305855;452,467024307393;776,107537299113
525244143,982052;444,865364029209;772,097961402036
525244161,772397;429,248804369556;763,57609348919
525244177,073805;439,321131505837;767,860507568373
525244188,551143;432,209639030618;764,383945231029
525244206,779404;439,207959026569;765,991167251831
525244251,48064;449,632781495485;778,708093741375
525244266,587465;422,068842879003;768,404526584488
525244296,779734;382,015753816871;772,302977911155
525244311,435813;320,640237479277;775,628440409532
525244341,72131;211,334283916535;794,940200175617
525244356,508679;104,477642907475;804,928599037908
525244387,67514;36,3349428135061;813,658697788064
525244401,649541;35,7116823345157;808,011205394125
525244431,662623;31,6397178126425;809,190505622499
525244446,364462;32,8121766037193;806,842405431419
525244476,510116;32,1158416986521;816,438282808011
525244491,492067;30,0892046463727;813,903056476524
525244537,639196;51,7611334064782;822,822454463078
525244566,595548;95,5787075819748;816,349826960813
525244581,750271;71,3223872339285;821,168708940711
525244611,637623;90,8638796416219;812,191698402398
525244626,782937;93,0217411962752;810,085682131311
525244656,950401;92,6866379061134;810,894833989212
525244701,416;90,1118168358644;810,00259196033
525244716,723822;90,7172025490598;818,835444861321
525244746,482451;105,781641974748;843,838937015899
525244761,649148;93,7303817883888;847,997152766514
525244791,446265;79,1466408382432;856,969693718387
525244806,958505;73,8671108971304;859,849933634906
525244837,7435;63,6296123539266;867,337684735397
525244851,71277;66,120946194466;868,516275740036
525244881,593707;64,5847767461827;869,272330006198
525244896,73004;62,48697743854;868,881426366357
525244927,14255;59,7796825346652;860,463406615335
525244941,809321;61,7260735991885;857,672678882432
525244987,750321;62,4129494258465;861,940077035267
525245016,666474;63,4692521427785;869,830782317464
525245031,657834;64,0745888419565;867,358539995322
525245062,002346;78,052102579334;866,449355291069
525245077,048873;79,7181442393584;865,724019335858
525245106,636013;105,864096166897;872,053474269292
525245151,875663;107,341513163484;880,68698651239
525245166,810144;113,579671533746;877,507840802447
525245197,010538;130,916035650848;891,199082259304
525245211,69527;128,713496992697;875,028927370828
525245241,877703;123,201762495588;862,784397447602
525245256,93321;123,055161787375;868,843511982761
525245287,613429;125,270927441778;874,882238016618
525245301,699876;123,20537629271;881,258766481696
525245331,434128;122,598266214017;875,759342381052
525245347,040452;124,695222769614;874,550367542237
525245357,984508;127,151891988705;872,112028394792
525245377,042843;136,887203213317;868,829630121573
525245391,636485;147,140238135603;870,036551053919
525245437,905495;165,711204659922;869,817425919064
525245448,246988;166,440845264045;871,087258425503
525245466,645027;153,666400109315;867,568398779443
525245481,699252;152,646709956331;868,378418698619
525245493,428477;143,006021303562;868,981656626897
525245511,828655;127,687085785384;869,175939593613
525245527,053513;140,926535188666;868,236504474729
525245538,477395;158,729239404582;857,874461793125
525245556,821977;169,810894282619;852,121517526239
525245601,629271;173,628759438185;861,423350037945
525245616,761755;176,660630794354;861,582721399335
525245646,618316;185,227226216078;868,171360211736
525245661,725997;183,697479088592;873,876462719959
525245691,637298;178,200096980466;868,696215820037
525245706,745834;174,046929223794;862,800198403184
525245737,789558;175,404565210848;859,686330500995
525245752,212567;180,056440263536;856,356240208091
525245781,737698;183,860473878415;854,671842041451
525245796,697411;179,874861026393;852,871844915194
525245826,798589;181,232991419487;851,461812022689
525245841,757447;182,911330304287;851,831452680454
525245887,90928;188,258647364193;853,186103793402
525245916,773259;201,126633347315;854,195468229707
525245931,861695;201,600702968223;855,362075582565
525245961,614337;202,222076367219;857,611251965119
525245976,725011;201,971944576292;855,590068087425
525246007,020344;190,662169239375;848,688463357231
525246052,008107;185,830350181257;847,624799737704
525246066,995617;178,22030595111;854,302856680108
525246096,530583;181,315089949749;854,631209591065
525246111,616881;195,058680555821;850,256207524588
525246141,806156;236,232435216678;851,491558581533
525246157,132795;248,218882388568;856,766715094472
525246187,695838;258,991152586053;864,69822963752
525246202,074799;264,108335721972;858,622398829289
525246231,515682;261,409836804667;855,427670622139
525246246,85515;253,062908116442;848,924758546983
525246276,566737;252,179416843542;846,701550037927
525246291,670997;253,738448434931;843,677268369304
525246337,700949;249,799353035942;841,969004375503
525246366,469562;248,655591756057;846,913058862332
525246381,546024;250,566974584161;848,287268746753
525246411,566376;263,102762756217;850,878062053764
525246426,805774;259,852605082213;850,906446881441
525246456,609733;271,9483183056;849,152710817545
525246501,74247;289,626806649641;844,261499324745
525246516,988283;285,991158702975;849,547218552178
525246546,47749;286,283733847897;850,078465619431
525246561,798142;285,980305496642;849,985816656227
525246591,37288;287,755403130512;851,749359811244
525246606,76495;288,705788747714;854,005993558379
525246637,827919;290,711029656812;858,430861941858
525246651,717645;290,984154817826;857,127220610087
525246682,114331;302,929115158438;851,433410611747
525246696,701559;316,001385829087;844,883346826834
525246726,683422;321,105520728867;843,384431480598
525246742,084472;329,339476006035;835,437426805028
525246753,735438;329,094675283277;834,09388524269
525246787,490907;336,218248587053;835,834658616307
525246816,728227;359,609143898086;855,956775084349
525246831,613956;360,105339555569;857,752114138154
525246861,551771;345,656449230164;854,963135152429
525246876,860877;347,301163473648;852,586134944803
525246888,262948;356,187945943672;853,654260765616
525246906,681942;355,831086993211;850,134649179216
525246934,360042;367,059031908478;858,392253463408
525246951,52858;367,777549740804;856,888665649641
525246966,734621;368,309235914283;857,146139844007
525246978,230776;373,30535484232;863,27721093544
525246996,680133;374,134786664598;861,049397954162
525247011,78867;380,473694028773;855,867191916736
525247041,718787;384,338384142938;852,855202058932
525247057,788686;387,86194305659;850,275257649325
525247087,693572;388,057090992164;825,260386404441
525247101,618365;385,408742347587;827,019174917272
525247131,512132;386,39272997466;837,404113185518
525247146,792585;386,886853990109;839,30535389115
525247176,758197;383,799624468379;833,948301021295
525247191,618267;383,066433937255;830,503475823356
525247237,708518;383,185132675587;827,992675408744
525247266,562234;387,122157013183;828,559621459972
525247281,777683;386,845555085538;825,443117528435
525247311,681286;371,632083532663;825,996749454711
525247326,530237;367,196929630253;828,645276866466
525247356,603618;373,457283181492;829,799230862776
525247401,730795;387,011854420697;827,965658699817
525247416,767913;398,868996352759;827,497022204316
525247446,757047;415,235598592377;826,1404747477
525247461,691101;430,805827364601;817,813651412279
525247491,776883;434,188218138811;816,820726306367
525247506,812291;434,293109035288;819,311909967715
525247537,814533;429,334796535799;832,697454593934
525247551,71324;427,35433099943;838,758497886104
525247581,668161;425,949096391981;841,832897613575
525247596,870353;425,522539022664;842,431065961209
525247626,524207;412,154704905694;849,027774829955
525247851,534011;418,873031496063;986,596104025513
525248137,753293;467,386195866142;936,380106007576
525248166,464173;484,052657480315;905,601593460497
525248181,642417;480,775494396689;883,721715267593
525248211,448515;486,348525416814;887,409248568908
525248226,970163;494,777141475847;872,207371484662
525248256,48674;466,745397820038;854,374779281928
525248301,566021;451,302386447005;892,284385584331
525248316,414117;454,183302037731;913,967483912073
525248346,39042;464,80369916382;945,252109362245
525248361,366812;466,097806025824;942,271624642571
525248391,637768;496,631834689133;938,134745210137
525248406,757423;497,078035932796;933,242936335261
525248437,558241;495,872298501208;928,012316191942
525248451,49672;489,564703541228;921,433540589945
525248481,319924;496,652728392728;925,256132639659
525248496,540505;498,574238913807;925,952600815079
525248526,342754;509,651180869478;929,85874152106
525248542,965608;508,459341735857;926,775927318535
525248587,838332;507,969115392183;925,356623274936
525248616,6279;506,897832483474;921,33771869899
525248631,749266;508,558921848811;918,764904705069
525248661,462563;522,993217305192;911,214968774321
525248676,722488;523,927733134803;911,362014168489
525248706,5953;523,449337782534;905,474303636282
525248751,751558;519,28839247877;902,586069017716
525248766,650117;508,30235281322;903,850609435418
525248796,733761;514,897213013101;902,700818476934
525248812,127969;525,86001804779;906,70819050178
525248841,664218;521,305690299952;904,334829316764
525248856,696205;528,553471268844;906,631955174205
525248887,680058;549,771457152434;895,029500065241
525248901,660446;553,109679524432;882,878828745213
525248931,743236;530,705110118068;879,808940590659
525248946,640084;532,678953826265;879,126344016586
525248976,547108;541,582543428;875,503998024934
525248991,877168;549,289879342344;868,364395783819
525249037,906692;557,934268101902;862,35721737682
525249066,741164;548,55781778455;862,961622888512
525249081,812066;546,017828422425;860,088158918293
525249111,98509;542,890666958087;859,498457549205
525249126,727128;539,961260777015;858,082804806136
525249156,540496;537,928432665369;854,496076062017
525249201,740802;542,290928901887;856,183489250105
525249217,051618;551,342676106445;857,636193954479
525249246,551517;586,75920585694;849,784031862859
525249261,657487;592,334165202959;852,357318644824
525249291,378055;575,987841871081;853,535148729523
525249306,72351;574,137057312041;853,555516678133
525249338,197881;578,763817213395;857,024152886684
525249351,742064;580,009328182604;855,618298207136
525249381,643101;572,96373710702;855,94167559215
525249396,942798;573,511488123614;852,420910570997
525249426,717677;573,340519851467;849,362958039862
525249441,623506;574,500108151925;851,029442395775
525249487,700927;574,294012999761;854,729481187219
525249516,826202;559,038403735743;863,920389868635
525249531,168813;527,823581264033;857,637158433873
525249561,509049;312,514347311894;862,495044634794
525249576,205756;153,226297361694;851,153164777431
525249606,581914;155,766354531695;853,968894667782
525249651,264333;180,522705102978;858,638240092538
525249665,99012;60,0176451229282;853,395088478458
525249696,394932;55,9463775531999;860,327526080614
525249711,462841;77,5446817396248;867,962419516931
525249741,556749;60,4524092219407;864,398448881282
525249756,428793;73,7089889679816;866,925831838335
525249787,458833;85,9331829164797;883,965023272054
525249801,540575;86,6539323787649;887,140009147018
525249831,345818;91,1061988418818;884,480805962171
525249846,364547;93,3126300781138;884,008252036549
525249876,445198;96,2542388566836;883,565514079509
525249891,513963;97,8980011358915;884,456207279902
525249903,191015;99,3312054742759;882,599430478631
525249937,731226;131,118261820507;886,912130954197
525249966,381807;162,242535620244;896,926736219827
525249981,657128;145,940113991464;884,541718522236
525250011,388814;124,924827721471;864,818685114629
525250026,708611;132,431968593026;858,40350166045
525250056,529677;136,917148148441;854,560994887469
525250101,228774;132,942924517971;854,480859164286
525250116,55413;133,218361782755;855,22477046322
525250146,506058;138,758186980956;854,652689775915
525250161,555578;136,939751512895;857,031138607243
525250191,388618;138,831377225951;857,314902126941
525250206,642983;138,591951029538;857,02604438821
525250237,749573;136,248571208702;857,795901354801
525250252,48263;138,104611344158;855,527798117843
525250281,666066;153,06340064279;860,679783915546
525250296,763055;188,613889896733;862,027163420505
525250326,823607;191,54718926817;863,420492847375
525250341,689664;195,509846996589;860,925700354369
525250387,655895;200,697389657118;871,827752586182
525250416,454872;203,444788474773;871,51942397167
525250433,294973;206,871222700385;861,384349501619
525250461,370789;207,951397728438;865,006266337149
525250476,579396;210,095721065859;866,878859376526
525250506,36069;198,46204240442;867,918390746341
525250551,547311;193,035386845494;869,15844258761
525250566,562191;188,252508905892;863,414468698908
525250596,569714;193,290133321035;850,602552314053
525250611,467417;189,845435694578;852,941873012222
525251046,413984;286,044691190945;916,146599606468
525251061,300568;274,766778420276;903,237458488589
525251091,39576;266,181457636885;898,603059584146
525251106,843852;270,910122326208;894,23825627614
525251138,061203;254,198443887586;871,079559442736
525251152,591553;248,982880280077;863,578530704665
525251181,867362;258,784686124341;873,476989502625
525251196,409686;255,644952871473;899,58126880746
525251207,772841;251,315480071978;931,81534734634
525251226,406945;249,928693453753;968,836381725982
525251241,43551;252,522208162979;953,815474569251
525251287,397465;252,370753944839;961,643985485697
525251316,548399;256,375160862692;936,242620085983
525251331,33919;258,552104191629;934,534874163264
525251361,336876;273,23482422659;935,126386796253
525251376,930798;275,461513877783;934,570044286349
525251405,887578;283,774494806513;924,724954145396
525251451,148183;276,324642915804;908,805806888324
525251466,359783;257,777602349276;878,07543696334
525251496,291183;260,632153350323;917,54866974783
525251511,375771;262,78197569959;922,230642627635
525251541,318718;264,646582613943;929,485104877925
525251556,430248;261,583139415989;909,050196275149
525251587,515454;253,044213678743;907,718351637955
525251601,867045;250,658785909719;905,931889951348
525251631,290822;247,638833840257;905,569331927225
525251646,450249;249,833212243928;905,095728252639
525251676,343588;261,497801532839;902,248697661796
525251691,457256;343,950873849435;892,592070077705
525251737,479938;354,226313541417;888,494287498133
525251766,503004;339,799607074168;872,754912380466
525251781,714177;342,220942541867;875,514477935392
525251811,986416;339,029008749155;873,56124838873
525251826,722894;341,759644955238;875,289161210135
525251856,650873;345,972534850553;876,046761377831
525251901,463299;341,007356383231;867,529089403624
525251916,472619;340,985331922479;864,245622135276
525251946,40573;337,062509009185;866,352297638587
525251961,491173;334,568128915704;867,329713713273
525251991,339609;338,343391542181;866,183981976084
525252006,733817;344,427006908186;867,585242950281
525252037,595361;340,185176304639;867,375296425118
525252051,867837;342,609406732946;868,596990537295
525252081,508861;335,974023907443;869,403632435242
525252096,885963;336,098848055345;869,172541106769
525252108,068221;335,766740655597;870,148211592795
525252126,867826;334,922233333356;870,58274575644
525252141,626115;335,554330670662;867,381096934535
525252187,642809;337,590840350797;862,895404770311
525252216,590609;341,140860466126;862,477644574941
525252231,898003;340,609423426403;865,79829288529
525252243,200004;336,772596361992;873,326524931692
525252261,430831;339,820579747085;881,34141260748
525252276,336232;342,112957784828;884,006188814214
525252306,561002;344,389134013183;876,381229334596
525252351,281482;344,305036746014;860,446703139962
525252366,465713;344,476623714768;861,991929530332
525252396,343229;341,58762225632;855,571301828835
525252411,45091;340,582661425885;861,09568001975
525252423,31955;353,02229961711;869,223019342601
525252441,457149;365,276012416049;881,959268748137
525252456,498544;367,974878711263;884,895537269536
525252487,550821;383,262053521036;879,234057931283
525252501,731351;389,19257965473;878,557429686943
525252513,446465;389,726970788759;870,486401341839
525252531,7068;391,445605920163;868,726504425224
525252546,509564;396,252008872993;874,48319640265
525252558,23152;396,509956215806;874,834669491729
525252576,50554;395,525278088044;881,613891595066
525252591,642301;395,61576754738;883,522601735189
525252603,511797;394,875257915353;875,509558810354
525252637,652153;392,742497242468;881,431900301127
525252648,267344;388,751520577899;875,911306038874
525252666,587551;392,409308438583;862,189881110619
525252681,397586;390,43037883661;864,998785551837
525252693,109705;393,539499071568;859,592307619464
525252711,559063;396,393389344886;857,143815079325
525252726,631676;390,436476321492;862,052463506033
525252756,685813;385,180362577867;872,050204388053
525252784,354931;388,220054827415;868,472790870649
525252801,516627;386,529779375998;871,748015020073
525252816,557594;390,656247640395;884,556130436081
525253296,142531;425,61996339813;1028,17050597983
525253311,247646;405,612197034941;1006,07426016471
525253322,734393;409,434083632404;987,943538956704
525253341,143551;416,436479830525;967,352570548717
525253356,359001;421,366899954723;959,890172238837
525253387,192748;431,711500215046;950,045436674664
525253401,559734;434,220744448691;938,303593684175
525253412,86815;439,734632134329;924,558842120141
525253431,255926;456,850089416727;914,231615830563
525253446,215639;452,114067230787;922,446480734952
525253457,976083;451,986590930985;919,250769094418
525253476,373267;457,608910488918;931,656861098146
525253491,209389;455,297038851135;926,017112068766
525253503,270473;455,577641234584;925,915970248904
525253537,269276;447,508863882319;907,14257965415
525253548,13721;432,430791620226;879,240085348137
525253566,538243;432,581152591195;876,137258861537
525253581,598454;433,850854887993;873,258502236383
525253593,137802;436,265015002741;874,494123452916
525253611,216813;443,021921883329;875,382431677746
525253626,814155;452,525556407774;879,512675567317
525253638,133263;456,166598445194;881,030242508696
525253656,294382;462,754342011047;885,260109063369
525253684,103343;466,407965434974;890,510793868118
525253703,000881;465,176547593901;889,42131718493
525253718,228304;462,561495377556;919,175636955458
525253728,46545;461,596682830771;919,66188934504
525253747,634547;459,738170387804;917,112777329649
525253762,742655;456,830271542725;903,673161564765
525253773,133329;457,960357031669;897,653376492459
525253792,790805;454,028747093583;875,189395611217
525253807,91046;454,897170750901;886,094318209186
525253838,833586;452,058993556769;868,624171730694
525253852,81483;451,782398101825;868,052819585276
525253863,174285;456,822609653381;882,424197354053
525253881,32172;478,391564445657;912,378535470504
525253896,677439;484,403028139783;904,968382675816
525253908,120993;493,130494262731;885,510314947616
525253926,477978;510,536832653216;902,769510216284
525253941,695565;513,512512098648;908,430101011208
525253952,980888;507,847285951905;891,573533354132
525253987,346617;510,282032571653;902,39484088676
525253998,058885;513,73582089046;902,795878734274
525254016,32478;513,737874795899;908,27502550901
525254031,295612;511,479784702288;915,247266654819
525254042,972664;509,290126113541;906,563218636511
525254061,246684;509,252788834292;908,69209606392
525254076,53569;527,161429667273;914,320970801921
525254087,887298;528,849335298846;897,418800053542
525254106,384553;544,27324952487;892,443308119609
525254151,170891;555,096709400858;907,506928369989
525254166,400025;566,58322901291;917,769725816911
525254196,304483;571,374220295648;924,051506343805
525254211,679019;573,5039180166;922,596000518808
525254241,15497;556,874188539384;920,633052436691
525254256,042409;552,376526999137;894,45503387329
525254287,275156;554,611517044212;899,676832185971
525254301,442429;548,668954887874;905,567709431731
525254331,249383;315,849447945969;922,369285035455
525254346,327128;270,295658407669;922,453397054633
525254376,644698;243,813083157938;921,245440086217
525254391,435488;197,389498689546;922,902776288912
525254437,594591;81,9656666521614;918,868538385944
525254466,299484;85,7934881285465;902,202798476547
525254481,732181;87,0996523034324;900,879155904117
525254511,238922;85,4469033397927;906,543858448923
525254526,435555;85,0003423211666;909,555188178113
525254556,347711;83,9092651671117;915,131256029421
525254601,175531;74,2589530408852;903,364732019182
525254616,504308;75,1323939751328;899,414562663337
525254646,459657;81,597047959021;892,215557698284
525254661,211531;80,2375196707338;891,538512050693
525254691,073652;81,8133699264396;896,496604202759
525254706,228374;85,766662123632;900,725494852905
525254737,351642;91,9309646460374;896,235442779916
525254751,471018;91,4491439416174;895,770212593792
525254781,588019;92,0983277843269;895,0418732664
525254796,473748;94,4066383997134;895,810878086265
525254826,271293;94,1191637839928;896,227517411505
525254841,446116;100,404255557696;898,541550872864
525254887,549624;94,5336575191759;891,96301127094
525254916,098851;93,1980492279626;891,241598196767
525254931,209953;92,8239124072129;889,818535648113
525254961,106286;145,669231163814;884,059347414631
525254976,23877;163,399688991542;880,449612783415
525255006,043158;161,246651116788;879,07725842459
525255051,272117;160,388656856957;882,545777255016
525255066,594051;158,640009016432;886,630961819663
525255096,285966;156,823222077507;897,225151669569
525255111,548029;182,783886747605;894,883626329532
525255141,119774;197,120277737745;888,975435750614
525255156,419898;205,661117340646;885,151922793793
525255187,304536;229,820744907747;872,572069208574
525255201,324696;224,079628626634;871,814079205388
525255231,298434;218,540145268688;876,992331310339
525255246,380456;221,072548975495;884,675568815204
525255276,274223;222,833442658426;871,537514639687
525255291,440064;225,158998757464;868,978508089165
525255336,986769;213,539348005083;857,878896512955
525255366,168067;214,33952577692;862,269857376642
525255381,238969;218,366558001491;865,861041760499
525255412,394739;232,478294873698;873,226029949873
525255426,90841;229,489028987083;867,989334132925
525255456,059772;227,570617670457;869,286228609778
525255501,437126;231,446989866467;871,867563101566
525255516,197553;235,802091836018;873,193352102089
525255546,151619;245,802852034019;875,430560148435
525255561,360654;246,289655841987;876,179544041814
525255591,044015;249,582399160574;875,931248745229
525255606,211567;249,193771444624;879,697003225346
525255637,357501;250,581872832225;880,886836814901
525255651,431118;252,021512111547;883,039291704513
525255680,999013;269,124910054792;882,753683846916
525255696,163572;281,389352932777;877,203823880969
525255726,041088;285,110232876947;875,322413094917
525255741,114984;293,564521691434;873,689671942709
525255787,174872;291,302468908606;871,694528581873
525255816,09188;282,854335583655;866,19041782981
525255831,405262;283,263578353682;866,954744973348
525255861,115566;286,222261710673;871,385155473009
525255876,530301;295,240617468642;872,485012106814
525255906,20682;297,32720686222;873,807852322928
525255951,026943;297,502089252564;877,55345104592
525255966,289434;301,675639007954;881,573644134714
525255996,208433;314,89858790981;889,289214425829
525256012,598216;337,243537571892;889,717234826615
525256040,982369;344,48672676588;887,242757495151
525256056,172159;350,877104839416;881,05113747855
525256087,559716;361,915234975174;874,705252645219
525256101,447732;362,452515543693;873,584276803937
525256131,087473;365,028921599615;873,381967827659
525256146,45645;372,358162004184;882,863546651257
525256158,054386;370,966208855441;881,756542481362
525256176,180011;361,882421556872;881,661731792684
525256191,221406;344,900072754879;891,982860929974
525256203,046426;345,817216931501;885,672236404213
525256237,766251;385,974830958862;897,937887361682
525256445,832034;308,43719242126;1085,66147320874
525256716,00836;428,224155696358;993,764158121369
525256730,885964;420,045021838091;966,066745503575
525256742,489887;420,045021838091;966,066745503575
525256760,7143;422,437051093903;946,554627179663
525256776,259896;412,128101301766;941,511287185498
525256787,889052;410,220299197024;941,748372215118
525256806,034348;396,218278798656;935,947230197891
525256851,211561;420,01468065144;933,50843672316
525256865,99893;410,310236803214;930,956501624951
525256877,710194;414,6117058707;925,720430355181
525256896,236957;476,782653520891;916,72321975993
525256911,067519;463,184752286443;915,309952827262
525256922,765526;457,571563897888;911,883745658426
525256941,066061;464,110138536411;918,722489365415
525256956,08479;445,80686029046;938,202692276083
525256987,12381;413,289716485444;926,652157402538
525257001,315887;426,4137236455;909,945475407256
525257012,804344;426,996131358875;910,014758781149
525257030,838879;421,97916249812;934,360637883717
525257046,138576;421,280960467347;905,344687780144
525257058,045277;420,142868063932;905,89481132254
525257076,022507;421,237334033761;905,477125052949
525257090,974949;443,554165571616;906,534816110173
525257102,853426;447,815806151044;906,504772965092
525257137,436403;456,328569098289;913,046986504606
525257147,874118;472,101259289551;939,038450979289
525257166,245215;465,858353618403;949,392213295784
525257181,366153;466,401732279855;951,459940292684
525257192,899514;453,16467697287;941,745121314389
525257211,275743;453,527682522346;928,558874842944
525257226,458263;451,288722396363;940,069586811068
525257238,060904;468,659743378868;921,665158220926
525257256,334496;482,205052294818;923,083975247129
525257283,880451;484,307839692679;926,722958014686
525257301,399664;483,721720322683;920,636996687917
525257316,488528;482,23023637779;918,536051494555
525257327,942773;488,496295161581;926,717882553768
525257346,226629;494,239164477229;933,077435225429
525257361,309506;512,698548945739;937,401342681486
525257372,915568;508,952164343725;910,974094266475
525257391,188733;511,985473319214;914,376486048193
525257406,437111;514,712984092265;923,83765808212
525257437,822103;522,256167124048;932,882775169512
525257451,222167;521,629574802978;932,338646594731
525257462,944122;517,169832056163;927,120675063432
525257481,244229;518,271307989329;925,797909336013
525257496,434875;525,894852237429;925,385479676354
525257507,83438;516,786896057803;908,25934664751
525257526,383381;501,002707839108;911,84433656772
525257541,322994;501,993243363757;913,309982727676
525257552,692137;493,268678314454;895,158130875973
525257587,350808;491,80418314639;912,185320881498
525257597,82744;488,865157818349;900,915589739763
525257616,023627;489,962726846654;918,254837160074
525257631,191607;505,733774606507;929,415567814213
525257642,518839;511,935702275302;901,721945949285
525257661,109322;526,916772009241;910,206708258453
525257676,31408;530,193734742854;917,509015057048
525257687,751647;538,226954068795;903,749665574533
525257706,122316;541,038525610208;922,892238979437
525257751,542863;533,866476290075;931,294058676957
525257766,33622;530,925570576247;935,031362633408
525257777,712204;529,175181482605;906,936146667078
525257797,551433;531,756915750013;919,314631388176
525257811,770024;543,547075074064;936,648083823554
525257822,576376;538,155507020929;917,525776726403
525257841,077907;544,325805783725;926,143597188626
525257856,286086;547,284921570481;929,835201353817
525257887,529096;540,882133915287;947,413600865595
525257901,621102;536,997853807716;948,11705277463
525257912,900865;529,562870494113;931,955526780645
525257931,429339;529,965717862196;940,592096249481
525257946,430106;532,323384899737;947,315904569628
525257957,933104;522,070493821149;924,662400903677
525257976,500494;530,922535811989;930,422072228179
525257991,309673;533,170264376849;936,126536000385
525258003,025214;529,394416297428;920,587496485175
525258037,364001;537,742053020922;929,081538303943
525258047,838067;531,848059926666;916,409438939085
525258066,438386;541,43823425449;925,61474781805
525258081,155192;513,846763242309;936,489659248464
525258111,839688;451,213079707779;941,621664303884
525258126,050582;433,189871265622;937,540211164881
525258156,445557;283,0341028299;940,771279655765
525258201,379436;170,380467107061;939,968561679767
525258216,394316;170,461433577205;941,280274896444
525258246,073829;69,9398672278861;934,546849392358
525258261,099401;53,8986680842512;934,61066494353
525258291,067151;27,1146861814236;928,889720998964
525258306,530639;25,8259948626822;927,472715620676
525258337,238656;46,6625323872105;914,824027683926
525258351,149338;48,0203918626509;915,328585958537
525258362,979489;80,7850178482747;880,358566657074
525258380,885301;103,855875763167;870,655373772737
525258395,959197;128,585095422266;859,015592778049
525258425,939777;173,491303523783;824,88487255955
525258440,806262;301,698192763193;648,934059250527
525258453,099561;406,718071310878;539,642102831776
525258487,034217;597,792975040156;325,243267920147
525258497,87136;625,664690006441;273,955075508743
525258516,006393;633,085448769628;251,485183691099
525258531,367244;640,723864114895;252,592096521285
525258542,988701;647,233628010495;246,632059001862
525258561,280255;649,07096630128;239,102295447085
525258576,094138;643,7329904365;230,813475108734
525258587,878959;641,695429169882;232,949353975331
525258606,076429;637,48416504907;208,402472287606
525258633,653175;634,038776079762;171,95474934817
525258651,272031;638,62643896372;169,843878944047
525258666,061111;665,908624461591;168,460524059663
525258677,900671;670,078364905058;154,329337537006
525258696,335061;676,703699415311;156,147165857397
525258711,048018;672,030635373264;156,296086347032
525258722,926922;681,962551050257;153,924210574806
525258741,201798;682,327437051902;144,601842528285
525258755,97035;686,397569757843;156,31400247649
525258787,345078;672,635509015498;185,190216015921
525258801,367804;670,274237496594;188,853836537091
525258812,987551;685,416816276583;174,957311653428
525258831,111892;700,782058759115;175,83645780903
525258846,222567;705,464596858288;168,680310756816
525258857,851722;699,073321548802;168,052241008323
525258876,4978;701,980592934566;161,985815016795
525258891,087165;694,813028568963;167,483088595145
525258903,113182;681,619556995605;169,123205317574
525258937,277487;691,737609174991;164,764089328728
525258947,927318;693,536017826746;166,796844872578
525258966,094853;696,082540795424;165,483880172609
525258980,935678;700,602506624828;163,989568358948
525258992,811589;699,848812474239;159,304489071105
525259011,033435;709,978586893749;156,375733713452
525259026,098778;712,756005734256;157,870844022696
525259037,825866;707,614199168069;155,819975657006
525259055,877079;714,199653352871;152,649145258979
525259084,106422;710,788498514922;151,112778497263
525259101,187719;713,584089272638;150,028145684355
525259115,995188;711,616438357672;149,633489585309
525259127,918996;713,976907801849;147,420521848393
525259146,222952;722,540027744809;146,877062076092
525259160,869195;734,801151800162;140,879745691709
525259172,773331;736,256993272484;143,406372049255
525259191,049917;737,44384500786;143,331624086352
525259205,968148;745,981569266242;136,175602275665
525259237,661904;761,697943221494;132,872278802695
525259251,220627;776,029286672966;148,702437949106
525259281,043831;801,392058883151;172,779181820837
525259296,345666;800,980111439678;161,795604095575
525259307,674609;784,003230095567;152,356304929057
525259325,987118;791,41320055577;145,515979177956
525259341,001143;793,464126117868;146,42760521528
525259387,041359;800,607116884578;137,349453635217
525259415,960078;801,685792754225;137,578523871502
525259431,137466;802,989682869171;136,554777471553
525259460,911918;815,288640759393;120,573708177566
525259476,045685;814,65260201248;122,581340795264
525259505,833822;813,68744657128;126,650619433252
525259533,623538;805,834661941021;135,744376735082
525259550,900273;789,627467127252;154,674633106883
525259565,973741;798,143750809261;149,103746858317
525259577,546446;790,93801114179;154,052035361533
525259596,005212;795,291798750776;148,055834973047
525259611,055588;827,880156173319;143,006024491162
525259640,868956;840,921645605185;141,643155820969
525259656,179344;841,359317727995;140,549584458585
525259687,448441;838,729273976055;135,413042498349
525259701,179936;837,96634954303;135,461973874151
525259712,59612;837,743825808102;135,549570838139
525259731,186176;834,1755659481;135,608698948285
525259746,176252;838,834284383277;129,519335209457
525259757,816954;834,487336356732;131,01649994576
525259776,571655;832,291910372992;131,497219714991
525259791,113979;834,350737602965;130,403272627291
525259802,807282;826,959570128878;132,255435058676
525259837,111002;838,666039274751;135,399752959558
525259866,371415;873,452278572788;136,742563181736
525259880,790148;877,477002491444;135,324416530568
525259892,30512;889,35998521776;134,0870705897
525259910,973863;898,971932712863;133,005234025799
525259926,237637;903,802343481002;137,429973657342
525259938,207204;903,463232090521;135,238755896778
525259955,97916;904,404072872934;134,6213881641
525259984,173008;911,574393873075;134,333110224227
525260001,229929;907,211026703581;141,728793209003
525260016,238394;904,278196457744;140,994494545649
525260027,584871;907,213396141056;132,789632380012
525260045,878991;906,127996131856;132,204728847275
525260060,942623;906,462907183065;132,014665703616
525260073,206842;907,681813932198;127,96818732735
525260090,929191;912,129094026999;120,236933127178
525260105,924399;904,545412047961;125,219334591924
525260136,992072;913,685503348086;129,88781020053
525260151,150792;923,499408816322;132,536994199088
525260181,200652;920,015517837439;133,981292000711
525260196,358795;932,647356860161;127,443538932916
525260226,02163;930,474338299369;127,383688867113
525260241,27514;930,541343699907;126,004380596904
525260286,86461;925,189564731687;128,93098249163
525260316,077554;923,055154817276;130,571070681681
525260330,847389;921,25267286649;127,344465587455
525260361,297104;927,081708779786;116,93040206694
525260376,356033;925,457560803105;117,837603321124
525260406,130057;925,743293738719;118,611016838781
525260433,622555;930,958322988895;121,938123457827
525260450,933929;938,377777215831;124,055356612943
525260466,037761;941,174227914525;122,797760317574
525260477,834556;943,26657276298;120,56851822918
525260496,087193;952,947465835867;113,838013367911
525260510,890385;953,26322796178;116,213916990493
525260522,770573;952,696689324484;119,418862250795
525260541,105319;960,018274410586;122,97266814589
525260555,89055;962,290929867305;124,214397606269
525260587,5873;965,173927005877;104,848114085441
525260601,033978;966,204978375258;104,526167376527
525260612,838043;964,110116205863;101,117100363086
525260630,983768;959,55908489707;109,678752567631
525260646,220172;966,660406610868;111,272741683011
525260657,805279;970,481162436849;114,482355278586
525260676,167395;999,751402027703;125,506185918025
525260691,011214;996,446607052191;123,786539704859
525260702,832813;996,787139676696;136,827839552404
525260737,322562;1002,35203078793;135,495083405435
525260747,885579;1004,37573800233;129,445526120116
525260766,011631;1006,38152512503;118,556583485941
525260781,159939;1006,20179126126;117,265486468828
525260792,685602;1004,23723783555;120,07570609894
525260811,064825;1007,10065893994;114,4169168906
525260825,971081;1015,15628528031;107,967883888824
525260837,571156;1012,11822969335;111,371869951191
525260855,990578;1013,25711062503;113,834672575863
525261095,923317;725,64926027313;596,265113234583
525261126,039463;969,466666874923;151,964204025726
525261140,817851;1033,83147531777;166,642715149067
525261152,859263;1052,19617542289;167,256863071369
525261187,038109;1064,32201394201;170,668144994104
525261395,822776;1043,10791015625;164,936723448833
525261410,581492;1065,84182859406;156,705041403423
525261422,503589;1052,34777028972;147,339890103902
525261440,839619;1057,62548263183;134,766842844708
525261455,710808;1058,43968257145;124,258145789331
525261487,082969;1057,33643933573;115,019686116155
525261500,876474;1054,86828017416;106,914097057133
525261512,44533;1050,41602244425;105,06931700652
525261531,205163;1050,34605206262;97,7329088174734
525261546,21149;1047,2591243185;97,9895548612334
525261557,83252;1045,72861731138;94,3451623726504
525261575,799486;1025,61125443548;120,601845893775
525261590,937102;1025,33255628312;121,337207648683
525261602,718502;1029,3507190534;120,132343901845
525261636,949948;1033,65637849442;121,284699617413
525261647,678895;1041,70167912446;120,960772799427
525261666,05213;1059,63223579377;133,528280487082
525261681,058457;1065,84683880953;135,454599970144
525261692,72268;1070,99608332012;133,670793682325
525261710,964198;1084,48431057634;132,243854694244
525261726,104381;1082,36714547563;131,252828541704
525261737,806664;1085,52679617849;132,367423848085
525261756,060585;1096,71890916718;127,900818299424
525261783,761777;1098,15095953394;145,23641662406
525261801,33573;1093,58693773973;145,972167992991
525261816,054675;1090,74648812634;143,231444488996
525261827,51619;1094,81195225786;137,024309932103
525261846,098547;1098,95309646985;120,097583532197
525261861,068524;1100,21608683621;116,698181760053
525261872,79946;1097,5761886384;121,835126651271
525261891,012754;1098,83979292337;118,84124419714
525261905,998981;1102,12894898647;114,949533089851
525261937,346339;1106,45214689198;112,882725256067
525261950,822953;1102,59528225296;101,50257245814
525261962,713404;1097,65071930041;113,464669863351
525261980,888209;1101,47697593825;104,912554462561
525261996,01043;1103,39731519682;105,501576066771
525262007,823048;1097,14625465922;114,313065827739
525262025,97818;1095,01017080763;115,514846982045
525262040,962697;1097,1221356689;111,320291691996
525262052,467833;1099,7158167361;105,203876353468
525262086,924652;1105,48500680958;97,015763899113
525262097,836207;1100,31503338706;110,333685625488
525262115,990056;1108,81032845136;98,4461474104092
525262130,836869;1111,02870087488;103,786194226101
525262142,85305;1112,52148675463;109,921196484344
525262160,875182;1106,66518240768;121,478476196736
525262175,987995;1111,67960453428;115,100054265918
525262187,832687;1106,24617463217;122,504341125449
525262205,971996;1103,46903652211;115,603843373387
525262233,819446;1110,73286033849;153,374766795566
525262250,932817;1108,19091769723;136,210248316633
525262265,987469;1127,63693992566;132,918375635688
525262277,803936;1136,48777748707;124,218653179781
525262296,252011;1148,44020915615;122,062133436798
525262310,937598;1152,86508958977;112,269312302016
525262322,710445;1146,51288821778;118,520725417867
525262340,912619;1151,0455062232;109,313268202479
525262355,993358;1147,13603227468;114,624694486803
525262386,963098;1165,23278832969;98,6594430493937
525262400,85368;1168,6818617975;96,9252952316957
525262412,635507;1155,15522092978;109,151762150461
525262431,047231;1168,44611700411;100,546976944375
525262445,79269;1166,90921672313;103,717063940317
525262457,679292;1156,64177733218;123,024619109638
525262475,952885;1156,64067581411;119,518181175822
525262491,24189;1156,33786946085;115,805346665929
525262502,587084;1142,53232661043;127,000843754459
525262536,932286;1145,73110368039;120,619860694823
525262547,709985;1141,39849579246;126,718883105643
525262565,970748;1148,44473816825;113,180642748171
525262580,796605;1150,45150711981;110,278752117519
525262592,660542;1140,10330456805;117,986819040625
525262610,905482;1150,18128667856;110,484238140761
525262626,039249;1156,62184024575;105,240648231489
525262637,602973;1156,66774574698;112,989097958872
525262656,131019;1166,09026989589;113,425634325425
525262683,674408;1174,14853298885;110,476078501549
525262700,921206;1210,16595242256;89,8481687162322
525262715,923685;1214,53291118756;85,0772421468172
525262727,829531;1216,36663492522;89,0986595443181
525262745,923937;1218,72303923722;85,7788266156246
525262760,769467;1219,12009967411;84,9099759241191
525262772,458921;1215,37558541273;87,3388542947871
525262790,873211;1191,913355125;98,72608925936
525262805,947962;1133,71216781928;114,561627146724
525262836,89632;854,414293446629;145,714901614883
525262851,000728;805,578039358947;150,711652345167
525262862,671793;753,140313126968;150,079764688411
525262881,099768;685,918394964254;151,187489977115
525262895,904243;685,707383659051;150,02620863971
525262907,600112;687,918289879684;144,712572403811
525262925,998152;690,391674149171;145,754119698335
525262940,308688;691,494507648692;145,871915263818
525262952,859434;690,04307904107;142,63461017502
525262986,447264;699,816662566205;150,106399026129
525262997,818972;696,591971364127;148,431105430368
525263016,247802;695,966943779823;148,500811249209
525263030,818779;702,753137812444;147,426217281822
525263042,805452;702,225332956538;145,778492495955
525263060,925945;698,847996275866;143,659226517214
525263075,354941;706,018719387949;145,759151237735
525263087,586658;704,258604835388;146,209656512477
525263105,999238;694,579936979056;153,496834352831
525263133,748755;680,07862885645;159,032704970418
525263150,834329;686,735396984867;166,502954380453
525263165,401884;695,424141908179;180,203778259614
525263177,619062;697,137403241918;193,89844281573
525263195,977757;703,441859094446;187,580648159499
525263210,541036;743,207208781687;153,837594588198
525263222,592284;735,165188068367;155,959233206062
525263240,902655;743,497402011419;146,583278000266
525263255,543339;749,225247269828;141,880328470692
525263287,127616;745,546403038079;142,584425077018
525263300,517417;745,846574697101;143,290682255387
525263313,08698;746,628443364894;142,871761274646
525263331,114672;742,030909191708;140,993136527929
525263345,536398;748,322054436228;133,425984814784
525263357,662486;741,200851753707;124,907550292761
525263510,7839;760,360472671629;292,953092281231
525263525,877896;796,804790346641;222,870288918731
525263555,864036;792,415857325004;186,032204345088
525263600,838969;788,583529984141;167,071179754224
525263615,627621;773,14526747809;156,280532227526
525263826,008287;759,146526667077;228,749444282927
525263840,821315;872,466747854638;197,495928263961
525263886,678496;821,575044885104;175,605556504407
525263897,563108;770,007576461818;196,762645813707
525263915,814034;768,813923475023;195,102310558708
525263930,794275;784,151999083625;169,785517864562
525263942,444385;784,107523230245;165,514318950876
525263960,902723;767,759606781658;158,120088543076
525263976,065999;763,783362331056;154,387239313373
525263987,645119;762,217377829851;153,897171842393
525264005,902032;768,163000654137;158,986320881145
525264033,672932;769,043109557691;156,549575018474
525264050,973188;776,018183146799;155,386883486959
525264065,917077;786,199354715075;151,419805528535
525264077,736538;786,308151417839;153,729244859228
525264095,91006;786,79131246991;139,06704513578
525264110,95958;787,866337678007;139,807338492842
525264122,892796;786,692984526692;136,52391969423
525264140,900816;790,390347696894;141,032592111633
525264155,96231;797,188807052731;159,097484117539
525264187,091137;803,429047812098;174,800584185066
525264201,399963;803,661540757142;175,697718581414
525264212,701109;806,63473431488;172,086731130288
525264231,258235;808,043247324726;169,474015703797
525264245,936553;810,084082579444;163,251595262983
525264257,629428;812,019887621715;157,231148692003
525264276,108721;813,461664718929;145,929629212667
525264290,935862;813,527549928829;147,38903309048
525264302,772429;814,233503838815;142,304528965747
525264337,156119;820,414706185959;139,342730278646
525264347,660121;819,566046833298;140,262124770487
525264366,413967;838,155595973472;144,56076843991
525264380,881879;860,496771290469;148,952664093925
525264392,630777;870,148602604794;154,720360330151
525264411,001447;882,828030483351;144,828716910376
525264425,923099;882,818322215574;147,504011306653
525264437,860164;885,749688938879;141,983240947939
525264456,086287;886,830515314149;137,962930171975
525264483,612141;889,345007520364;132,827479030212
525264501,106123;889,925570406333;127,343277837203
525264515,918296;888,654019087046;133,81907436286
525264527,595776;889,167086863418;136,275857484999
525264546,057963;887,922176621777;137,977498810709
525264560,927441;890,386742801315;134,913902714468
525264572,642982;888,493415053404;137,274823990443
525264590,899896;887,162529468309;139,75381281115
525264605,998596;887,407149891754;139,70287455071
525264637,134694;885,263007269874;140,972237707101
525264651,050079;884,138602681373;140,731977640346
525264662,669399;883,438667447835;140,958112529494
525264681,095235;882,378739418883;139,975429796553
525264696,21318;883,409432588105;138,602525647697
525264707,718316;892,630979930067;133,577435194466
525264726,138165;893,614723361237;132,768921477423
525264741,484904;891,200438718989;138,164743024296
525264752,704368;893,719679977585;141,191370537646
525264787,003811;895,443450791021;140,523666919413
525264797,750719;901,697269930775;137,57763819063
525264815,933649;901,351560460456;139,163895751958
525264831,048172;919,324639331279;146,236522469078
525264842,848816;919,840416252377;146,77756422949
525264861,00908;928,834208423223;150,582249836102
525264876,409703;931,679631413409;150,427918028856
525264887,632161;933,417699615914;145,227145747132
525264905,940393;935,219494078342;147,208632116733
525264933,78656;934,703449585678;144,919092617815
525264950,947828;933,551652202472;141,42175649838
525264965,973827;934,522261210422;142,275559799232
525264977,520445;937,350150327715;143,299501901874
525264996,112639;936,763256764972;142,85138787535
525265010,867506;938,139079272911;141,936207111899
525265022,896516;939,720667420882;140,695529525608
525265040,944308;940,913149665695;137,998167843905
525265055,830893;939,42036227636;132,865189949026
525265087,06535;935,578497046663;126,063181366449
525265100,842604;930,911351374149;128,143701549013
525265112,621437;932,22787165284;130,014756680421
525265130,947631;932,844696847702;130,261881404094
525265145,994157;936,852112801383;131,59308950421
525265157,637425;951,480151206555;130,308649473207
525265175,90332;960,983190365396;133,386403369234
525265190,871586;965,131823728486;143,547443463244
525265202,581567;966,719775277148;144,969981093342
525265237,330046;972,507854653206;154,022760118934
525265247,673677;973,166492637438;155,219302261902
525265266,175208;973,573426634679;153,830946360076
525265281,332069;971,910854950601;148,347429268756
525265292,705916;966,996248379274;144,821168617129
525265311,191196;964,390740410726;147,445118712402
525265326,09617;964,525920987894;149,519324835844
525265337,581206;965,367407608108;149,356988301572
525265356,146457;965,690097798468;145,958209642449
525265383,683859;965,632442261768;145,373622213865
525265400,963587;965,669969934019;145,56956349946
525265415,842046;966,043002541116;145,698944428121
525265427,626011;965,375206883777;141,618058883361
525265446,045861;965,357666022217;141,247695998702
525265460,921326;965,371747254158;141,289988904699
525265472,564594;964,492270005695;134,677884908831
525265491,156787;963,79629211624;137,684285817086
525265505,831684;967,802846345447;139,389339051421
525265536,940839;975,693208766115;142,010922104573
525265551,025575;972,163305114875;140,79076453301
525265562,901913;979,297097855199;144,434954743184
525265580,988194;994,177999011067;152,098442312864
525265596,27891;994,620908202038;147,086836993529
525265607,660026;1000,35922460647;149,083303487842
525265626,071751;1002,39777976502;149,443666271998
525265640,8882;1010,96812384905;146,179498415613
525265652,576799;1008,3633794868;149,251260324927
525265686,966904;1001,60663045448;155,208313247237
525265697,932343;999,897104895828;155,238663647708
525265715,914276;1000,11252199164;155,770588486044
525265731,042057;1000,60173690524;157,791570908531
525265742,96672;1004,37770900885;157,00832318197
525265760,993129;1020,39511231986;150,134713672624
525265775,970803;1020,27200528147;148,476291736557
525265787,715425;1037,99812469121;144,782420460386
525265805,828647;1050,13043841245;133,348025069526
525265833,622213;1044,43632465392;150,359198494815
525265850,861741;1038,1282541166;162,73943833933
525265866,071631;1042,34330754085;151,792498738184
525265877,549825;1048,87832939671;136,464617246563
525265896,078298;1048,86479164572;134,099100973081
525265910,775005;1041,47745649948;135,741534126287
525265922,866025;1042,46720840121;134,035751676106
525265940,995498;1045,3999612533;134,71579933213
525265955,908169;1045,18296947761;141,361027023475
525265987,126804;1055,11886406098;144,367600683617
525266001,294077;1052,35067691957;143,149758838432
525266012,636277;1076,52130451944;135,869894692208
525266031,136953;1083,34553153453;136,081317920197
525266046,333158;1080,7947117898;139,392585194103
525266057,624467;1081,98967813122;138,599201119312
525266075,993854;1082,87714102577;142,278402320408
525266090,818856;1083,82921071218;142,928767100129
525266102,565188;1082,7737752198;140,137822528317
525266136,983091;1081,56637918622;143,46621794629
525266147,547819;1081,55011753598;138,138706282461
525266165,777791;1079,34596632168;133,283439113805
525266180,804218;1078,49317129667;130,609020548506
525266192,591604;1078,80351150222;130,582055928476
525266210,844242;1078,79144168318;130,166892748334
525266225,910012;1081,37904600233;133,199319620386
525266237,960833;1082,64656382643;134,751721743445
525266256,068496;1090,19741448622;141,469324866042
525266284,211454;1094,19809728292;163,624002194222
525266301,122973;1099,94990146009;160,682493301855
525266315,820962;1122,67915479376;150,725498012298
525266327,562163;1130,96614271231;155,494649652057
525266346,011092;1130,51831664368;163,934124423236
525266437,547977;1095,51864503876;197,722020439744
525266495,754907;1233,06792492003;308,827048580905
525266525,799635;1187,85817965244;277,283631275278
525266540,746091;1171,91163640846;259,397475229593
525266552,680163;1151,18664397825;231,358750811147
525266586,763641;1151,40880344773;225,330665188332
525266597,501568;1154,78775340799;191,879028846684
525266615,669103;1155,58952465665;189,344051751617
525266630,678424;1169,69694703575;184,051744040736
525266642,851981;1174,87082653762;166,810358665034
525266660,588869;1190,9638068649;162,583188943564
525266675,741453;1188,97210345271;161,345518059459
525266687,679374;1183,07305451706;159,082026083749
525266705,540281;1175,48892937193;159,951953941245
525266733,805975;1156,22680296792;166,191413869396
525266750,800886;1147,81637369393;171,570834336266
525266765,619046;1149,4545830843;169,397529155527
525266777,332877;1146,79798210201;170,419333069826
525266795,761707;1145,37032337678;168,713412206172
525266810,617073;1056,96089115278;167,013045428582
525266822,59006;798,935362898389;166,074459233111
525266840,870923;743,473579554521;160,210193986776
525266855,827642;716,917395874439;157,107080221185
525266886,845708;680,403409410216;157,425895514416
525266900,874849;681,714751431727;159,767590409305
525266912,647268;676,055216607435;155,129997417026
525266930,863982;677,418705232164;158,309819414503
525266945,923338;677,477219873178;158,814395450787
525266957,676085;677,931027769824;160,845991223513
525266975,869279;678,285918690756;165,143919068355
525266990,814451;678,589980039689;167,662070273114
525267002,939256;679,244999096157;175,837363494468
525267036,850818;680,299237930141;182,505967160553
525267047,669572;682,246637962171;189,460961896992
525267066,012444;686,754957264377;195,488036274662
525267080,912713;695,885125691428;191,47461683696
525267092,547428;695,581229772088;198,386555018427
525267111,270055;701,269425715195;198,843364855811
525267126,194701;701,954545000924;193,319722946657
525267137,580094;705,949754756706;199,17396279661
525267155,965731;707,528965755354;198,78380618024
525267183,575406;706,33228514161;192,72287150313
525267201,041591;702,573173330906;175,808491578542
525267215,926037;703,480135322546;179,017587856813
525267227,755333;704,467493285002;185,551566420783
525267245,907472;704,505930688219;186,123521646259
525267260,900114;708,296525996874;184,50176196575
525267272,451437;709,322878780397;182,618623705965
525267291,077843;709,83995196019;181,899838278461
525267305,946466;710,144821852823;178,222921139047
525267337,009862;710,97479251518;167,780719050834
525267350,880772;710,630024849262;163,497239454998
525267362,568088;709,149732214386;162,969847707834
525267380,794638;709,050629010471;162,190412576553
525267396,014792;709,190389378479;163,568376823473
525267407,507953;708,729439568628;164,793761678953
525267426,068501;708,665002239455;165,647343654596
525267441,005976;709,588837947915;171,217468124385
525267452,969983;709,63466556123;171,95385203126
525267487,063297;710,530157066651;180,805232793732
525267497,647697;711,390217350524;180,740586710257
525267515,801975;715,661580957704;182,328593963431
525267531,155983;742,094542983437;181,308253744874
525267542,584569;757,787935295365;182,715947331667
525267560,805133;771,044208842982;177,889396242929
525267576,018444;788,134875124011;180,758290720372
525267587,662994;780,692215868272;181,860174773253
525267606,061034;799,841087369768;174,398070861086
525267633,491094;800,700779513879;176,401719518297
525267650,823851;792,643167515251;181,943573217385
525267665,896464;788,863934639909;179,250238059606
525267679,928599;789,178267205986;176,362613724824
525267696,262787;788,136519245423;176,060924074369
525267710,862845;787,850207940997;174,057527829863
525267722,572826;787,210931347869;163,552594908653
525267876,338713;821,70067013718;310,299553079427
525267890,641979;821,70067013718;310,299553079427
525267902,621382;809,924274109265;273,43719143984
525267937,089748;778,332107007649;265,284416932521
525267947,447064;793,613196584047;272,358123170606
525268127,337816;836,977442944144;175,229917052026
525268145,628515;852,190700741265;185,62323949898
525268161,130491;853,970301046016;181,571514605009
525268172,435913;852,016895148639;185,759571372545
525268190,623975;848,035220228881;198,953664301445
525268205,734649;844,789302232945;207,772660425757
525268236,841239;836,054680790297;212,632922865242
525268250,875084;831,569319556662;216,441008513499
525268262,612863;831,085775210167;221,775675590848
525268415,372056;860,40641724594;260,806996507916
525268430,523357;863,457925150714;245,661070746336
525268442,427493;863,534630244814;239,117971189825
525268460,648056;855,49722317722;236,554950925838
525268475,906271;844,479881948193;217,531662673297
525268487,949393;854,03870235076;212,321572841207
525268505,86333;858,848161185153;213,281708792263
525268533,452477;862,341622625737;213,051944253682
525268550,699276;874,41579101009;213,527470630348
525268565,865545;873,886964998009;210,452288232444
525268577,794057;867,550368817299;204,905917174816
525268596,142489;861,235535661972;189,751665288821
525268610,981604;859,490241190456;183,481236321177
525268622,469633;862,061648142294;171,273477538
525268640,907017;865,725160339157;184,395463917957
525268655,991604;865,639763879107;180,079558488982
525268687,542952;863,879983735564;163,853700015657
525268701,226978;863,859340763088;161,222685917337
525268712,585429;863,288333953351;163,373450921423
525268730,947118;862,976198543951;163,959121834725
525268746,394782;865,649723273259;167,311691100689
525268757,511182;866,58985113025;167,406900526183
525268776,154266;868,742652088918;167,309688680415
525268790,78768;868,782005887952;167,336754941581
525268802,66188;880,57675674458;171,529003578865
525268837,031886;897,664432157864;176,37278543328
525268847,427691;904,73385606965;175,890805990396
525268866,053242;919,229596396433;164,495169539686
525268880,837617;921,968816759304;166,85566594838
525268892,8662;922,74669441637;169,652695634093
525268911,125252;924,186998500727;173,600278849411
525268925,920319;926,421154963941;175,849214764843
525268937,722673;926,846443718964;177,042377850824
525268955,925275;931,865638068384;177,262597723584
525268983,676075;928,782067914694;177,342438188673
525269001,159366;932,534148007755;177,978747971713
525269015,893706;934,352876333998;178,731729803257
525269027,626353;934,212630267353;178,308188573967
525269046,112489;933,302600412763;178,119658572587
525269060,95417;932,749244336552;177,98060491536
525269072,476412;931,155055560498;175,548908641931
525269091,029689;929,197821399713;173,182155267015
525269106,079209;929,078140368394;171,930889606494
525269137,027139;932,774049195322;164,538727724164
525269150,951505;933,044469802309;163,569210292377
525269162,832548;933,018125612571;163,625325202854
525269181,044558;934,477331482548;164,772400596552
525269195,86785;934,491151845837;165,057175808779
525269207,65652;934,432819657733;164,232591251454
525269226,128971;932,902648403799;165,097889119496
525269240,878279;931,949833638677;164,179707883433
525269252,550199;931,667467743427;164,405823727058
525269286,847932;930,536038917421;163,308340894941
525269297,314299;930,661305852728;163,850188650553
525269315,797442;931,083822822231;163,791466289804
525269331,478604;935,446812518906;163,22327806294
525269342,355091;935,967409918013;163,098437004787
525269360,84251;935,530760804727;162,116186625147
525269375,996377;935,685936111462;162,67711520449
525269387,433944;935,651842619985;162,08146732208
525269406,048375;935,24266277034;159,777725349484
525269433,773944;937,950778225021;160,152931360262
525269450,85353;940,109945042702;159,319810179088
525269465,799986;965,019216811282;161,873109621092
525269477,368415;982,283174801317;171,126179138298
525269496,342074;984,741717060138;168,962066890816
525269511,050327;984,557551257663;169,150177118284
525269522,55418;985,710295819016;169,214004151911
525269540,86113;985,72962334889;165,811405755301
525269555,818704;984,488539984725;168,217406011566
525269587,24475;983,838357926359;172,208996887955
525269600,74574;985,193123783608;173,785214849425
525269612,378317;988,937570360356;174,706148672704
525269630,727176;990,543458645811;178,976232617678
525269645,888741;990,319463811651;178,818386222144
525269657,552964;990,21498775208;181,061442106385
525269675,960839;989,016160046948;183,85737206233
525269690,717417;989,06266544115;184,804791697232
525269702,453058;989,601345042536;185,070589555351
525269737,049719;989,909711429159;183,498408095261
525269747,87446;989,941435097259;183,597658536629
525269765,742638;989,269658845939;183,306338655959
525269780,829364;990,109890690219;178,655718852089
525269792,475625;990,393565197144;173,500858261689
525269810,836886;991,871038473837;171,915311519585
525269825,935586;997,560338334862;173,713277283761
525269837,529246;1003,63419719146;171,959709842389
525269855,96834;1013,15442607904;171,436766615729
525269883,536532;1021,93357241388;170,50944359104
525269900,889389;1032,41598901373;171,884543784208
525269916,012038;1037,0473878985;173,005548631062
525269927,592013;1038,27849757383;175,152783144161
525269947,956398;1035,47082569284;177,198040925053
525269960,863807;1033,74814827032;178,254193759721
525269972,525036;1038,17325155303;178,295829813446
525269991,021435;1039,18115124297;176,80578638755
525270005,736959;1033,62968455491;177,020727911615
525270037,134352;1035,46870169779;176,103927109164
525270050,800844;1039,87503668445;178,842874975427
525270063,106973;1040,31075273555;177,563988959344
525270081,106867;1041,99788183025;178,532367075117
525270096,004571;1042,03223668502;177,682807499185
525270107,5127;1041,30960162081;177,556022693957
525270126,145093;1040,2652921179;182,178887984595
525270140,756697;1039,27600812571;181,725136067402
525270152,594974;1039,84312939056;181,127553725331
525270187,522639;1037,27732894427;178,737606689735
525270197,592145;1038,11240663642;181,372015482242
525270215,716487;1036,72386347849;179,743861714928
525270230,61975;1034,46611967231;179,1084933926
525270242,589316;1033,1857739925;181,04680419927
525270260,777806;1035,51994773342;186,097260838268
525270275,86667;1035,15373486828;185,327115318036
525270287,657478;1034,24689884563;185,265563598087
525270305,896858;1033,28406097947;188,165952000481
525270333,600188;1033,26495449511;183,197205756492
525270351,063807;1033,54308238157;183,468368762039
525270365,791732;1040,24459107934;179,414490813318
525270377,893444;1057,82943962573;179,76289173239
525270396,121705;1099,7577820098;176,758520960574
525270410,916344;1100,36075735537;175,686307909904
525270422,544644;1108,57589890456;176,568749207748
525270440,722014;1128,51078413918;183,790285089753
525270455,937891;1129,02707016859;184,028910140434
525270486,910625;1116,40163527996;188,738260685903
525270501,492721;1097,48503624861;187,426399309032
525270512,578758;1084,09614345966;188,104649039324
525270531,008871;1069,37717722142;182,144077471509
525270546,015626;1071,05701299826;186,90839026631
525270557,745707;1072,81799884365;185,175148171851
525270576,230132;1067,54001691653;176,878257390161
525270590,913154;1067,96345244282;174,475336346717
525270602,63126;1068,02944302016;173,325154258728
525270637,099199;1065,36102519243;170,790144322801
525270647,591226;1065,90280578381;171,215196025154
525270665,929821;1065,55745156166;171,581540514861
525270680,890817;1064,83332284059;172,866164860618
525270692,643992;1054,64880154725;170,351675748158
525270710,865411;997,879982172039;189,70715513449
525270726,065892;757,861144548541;213,244506276686
525270737,595832;746,62428756028;210,786713688299
525270755,833074;706,798338625232;236,368479118471
525270783,830201;700,293420586115;232,747598984189
525270800,833666;682,422883055691;259,87407521113
525270815,782688;687,969524760586;246,938636852109
525270827,561521;691,46457043674;236,69393069563
525270846,258917;698,343723909095;229,507036081315
525270860,597251;699,41278300164;229,471192969703
525270872,807586;706,012955916017;230,941082050199
525270890,735635;705,880421792144;229,836129890428
525270905,964769;705,113016299058;231,250999126075
525270937,206497;706,747624605257;234,572441481402
525270950,886673;705,977458504719;229,228880183272
525270962,399935;705,979036012356;228,170023996551
525270980,909591;704,097905599051;232,564272853015
525270996,46759;707,858973526325;244,992150541962
525271007,335096;695,780234029781;253,082106936019
525271025,812679;705,155455586543;258,330980141999
525271040,725778;709,905617799065;259,654590745504
525271052,358782;708,304947270165;262,030196592918
525271086,703556;736,637821262257;244,171339464907
525271097,423094;728,056923039654;250,071661325175
525271115,610728;740,076259224111;242,275673033747
525271130,469088;734,125409658427;244,113626724696
525271142,2646;727,89727354607;253,688660735956
525271340,46059;753,039147084154;310,133686674623
525271355,605905;749,787107452633;294,896070583431
525271386,600021;747,755993323972;272,936498709776
525271400,483333;753,81702273939;265,905735649871
525271412,281838;762,573852308075;265,620174410123
525271430,714518;754,979678178119;269,600927070275
525271445,815784;756,650076566744;264,799943345471
525271457,427833;766,733015225935;258,15689210622
525271475,721525;777,077492202108;244,312169527644
525271490,608964;778,105713087996;249,40935816686
525271503,071614;793,052810277177;246,699189430622
525271537,341549;797,793379468575;243,458920414601
525271547,970425;800,011668097053;234,453041928037
525271566,269677;806,663946885106;226,459138571776
525271581,104515;805,796629546768;223,884555438289
525271593,354622;805,340446602536;222,655065981323
525271610,921305;805,479077674718;223,363344530013
525271626,250082;805,530755469266;225,809645782368
525271637,792423;805,260616902823;225,803835166021
525271656,439357;803,568561324499;226,053695998649
525271683,531144;803,962830452288;225,167104365181
525271700,79847;810,244904556884;218,592252729052
525271715,743215;810,130824833058;218,067761567818
525271727,424972;810,406565276796;217,914708733457
525271746,035554;807,587689720762;217,71157198024
525271760,762624;807,154028948199;214,353855706913
525271772,369969;806,670198978692;215,057031805062
525271790,852256;806,376647779705;213,324864156328
525271805,713609;804,169018816221;209,080338576312
525271837,010076;801,338647861217;202,605448360973
525271850,792889;804,251499693549;204,714903462834
525271862,631166;814,168987848572;199,808685035694
525271880,767055;833,322400914952;208,027714588018
525271896,045369;832,755546941436;208,258409072831
525271908,075234;837,498258574706;207,561242868135
525271925,974203;839,337411530475;207,707570953998
525271940,806903;839,898478334407;203,354295691851
525271952,518168;842,024749602348;201,298731125605
525271986,671781;843,028728914231;200,503356477438
525271997,44948;843,423488570044;200,279468461367
525272015,856073;843,951946684187;198,015274080698
525272030,761046;838,579571236416;200,11396072911
525272042,843941;840,773656988444;199,468846613265
525272060,999501;838,988928385265;198,382613730576
525272077,385435;838,529646516089;198,16418958456
525272087,31852;839,096519866309;193,310439176051
525272105,882489;838,162883124234;195,976255459254
525272133,544765;837,128653572777;195,667431093495
525272150,777451;839,464369195688;199,395846657606
525272165,852202;842,196394261798;204,632555355259
525272177,893615;847,097181549154;208,730150305074
525272195,816104;858,945181298529;209,613954247026
525272210,927206;866,317703180185;209,072863363428
525272222,421223;869,330381801546;208,580153027277
525272240,986902;880,166168260848;196,317038276921
525272255,926516;881,87692817943;198,51762759578
525272287,09597;890,213026693088;202,151949896808
525272300,878356;885,951904789091;195,474037081245
525272312,962961;886,544194863251;197,04709393282
525272331,248955;889,959599847029;206,722557294048
525272345,857138;888,083518316388;210,681585394527
525272357,479023;888,031118480767;213,546007584327
525272376,162734;887,637192796683;213,583426991986
525272390,860723;888,319331321823;207,933852007412
525272402,625017;888,202141657793;207,292779848729
525272437,000154;886,776684177964;210,154406285815
525272447,586693;885,975805317349;210,009709065891
525272465,914169;885,880148720339;208,020921330918
525272480,703249;884,516582358702;217,022978569371
525272492,413658;884,323644895855;222,554508715732
525272510,709916;883,693948631826;221,20084271624
525272526,042542;886,451079129202;211,619892433656
525272537,338983;887,774234773971;209,51165050419
525272555,893116;888,200430267401;207,720230864562
525272583,843202;888,620889144107;206,439934394702
525272600,753438;889,827808081003;206,345814387602
525272615,774306;901,326335003815;203,380158964532
525272627,519782;911,224092743247;201,672737554665
525272645,736924;923,05471739731;201,288047373984
525272660,886515;935,719687319195;201,869586533836
525272672,36813;939,791266174325;202,367322877733
525272690,707581;953,040223597845;202,547592079106
525272705,945696;953,780005403509;202,374231721637
525272737,107452;954,263108961025;201,874890667431
525272750,980928;954,485025566646;200,991137754112
525272762,544652;955,624907365251;201,00596512992
525272781,053026;955,671475909771;200,777434361503
525272796,025141;954,316486367283;197,928693354847
525272807,775749;954,051908179785;197,481216526719
525272826,103226;953,268705350751;196,930625268312
525272840,936354;950,499168796984;196,725981859249
525272852,56166;950,269593387039;194,856382487094
525272886,746492;948,191056978221;204,166842462082
525272897,309082;947,915190875793;207,728911819357
525272915,761433;947,511908937973;211,795118488085
525272930,8426;947,322666557695;212,01500898652
525272942,322932;948,189628446037;211,489683007052
525272960,780415;955,951090110574;204,861418360244
525272975,94369;954,168542358079;206,209734901297
525272987,24227;959,914871784661;208,112659440593
525273005,695049;973,217271990207;207,738139737628
525273033,460389;978,233793416556;208,315682843355
525273050,810252;987,942481000102;216,808692771671
525273067,526761;989,552230175466;215,351192726919
525273077,683081;988,49914012015;214,069708658056
525273095,837359;986,486254033669;214,062539006803
525273111,319663;986,292024974685;215,614625342579
525273122,526297;986,994134704163;215,141821810837
525273140,89269;985,027444566744;214,544217773438
525273156,064519;984,3729621513;213,897448452729
525273186,905964;983,383338961012;211,689409382069
525273200,838028;980,282134875975;210,130252352316
525273212,413726;980,715038581668;210,32916341826
525273230,85838;980,212286364138;211,335556895539
525273246,273115;982,58756220309;212,839900969384
525273257,508402;988,517620607488;214,313893704125
525273275,995393;991,108010832279;217,3561004676
525273290,96537;991,960973889117;217,477085496339
525273302,443136;994,828955762849;218,88251758869
525273337,162534;1001,82950884152;222,758105215775
525273347,380008;1005,2519909242;222,894331441925
525273365,859301;1016,8681013541;223,6800707447
525273380,70697;1015,65187610838;222,389146097524
525273392,496494;1026,99615233714;222,203382461776
525273410,886408;1028,56681942266;227,664626803124
525273426,053533;1028,68080282014;230,714847076426
525273437,864868;1028,24534848165;229,147035276284
525273456,043521;1027,70938614436;214,804040716997
525273483,540296;1027,42589086471;214,029553617892
525273500,939339;1028,12466531627;208,741425525515
525273515,837042;1028,78354128308;207,775795054039
525273527,523075;1029,58168138491;209,91408778405
525273546,057963;1032,74965110963;210,129126797575
525273560,728155;1031,83540980301;211,31584755812
525273572,425735;1031,82431339846;211,587643112342
525273590,673241;1030,31989456449;217,331428430451
525273605,756973;1030,30142598598;218,870412507624
525273637,035051;1030,84381009964;224,458336494367
525273650,94616;1030,92376344559;224,986943726921
525273662,606961;1031,1032686127;225,881846563551
525273680,762522;1038,93788069901;229,550965218275
525273695,836845;1051,47484897348;230,459544908423
525273707,658444;1058,65751861295;229,197640625745
525273725,935458;1069,07926461784;236,622527191469
525273740,808785;1073,53979247341;236,703803532712
525273752,606008;1074,89174929187;238,031190750486
525273787,055984;1080,9984436468;240,120767467934
525273797,294414;1081,36522831774;238,865967335944
525273815,505569;1081,42450370332;239,518891504317
525273830,475118;1080,19929146928;237,095264151079
525273842,824867;1077,53261248375;237,492066121061
525273860,814498;1071,31744944348;238,028145657794
525273876,079983;1068,23929562755;235,595274114208
525273887,331093;1070,02703599693;235,916994379878
525273905,92628;1074,0046680631;226,695363011416
525274190,246785;1040,11242002953;401,911579988558
525274202,307442;1119,67643677719;198,226662148342
525274236,385361;1087,89340318273;257,939246797703
525274246,964202;1067,63921993096;276,746984558229
525274265,322469;1064,31612046495;221,880312365746
525274280,443407;1064,46592671773;213,587859116306
525274292,73072;1063,31051510948;211,028554395057
525274310,721634;1062,35817861279;219,963042257841
525274325,680491;1066,92718582674;207,959078670194
525274337,259184;1067,42482322949;205,927699166011
525274355,610609;1069,39376621125;199,703050814989
525274383,165544;1071,71493921939;203,877851280051
525274400,525243;1072,78624968215;204,878203387834
525274415,585027;1074,12037913917;203,930024123169
525274427,277902;1073,37723927938;203,577424102746
525274445,614359;1077,70363167613;204,855395522658
525274460,479561;1083,7275214084;207,866286287983
525274472,306719;1084,4558105345;208,347281966588
525274490,55337;1094,36440769139;215,157937312104
525274505,527623;1109,97725590789;213,028672026312
525274536,873698;1111,13824615096;213,255622259727
525274550,554302;1112,25169096409;216,3118239143
525274562,6821;1115,25505765486;214,445404382746
525274580,512644;1115,92716166931;217,186156381268
525274595,651116;1115,68003017178;220,159646083511
525274607,329451;1113,58080347689;222,3283700817
525274625,724497;1113,48295690556;222,394754334845
525274640,604239;1113,39202695265;222,412373224941
525274652,227834;1114,2853844842;216,495801029336
525274686,838181;1113,01835626616;213,37471643224
525274697,386231;1113,50105203506;213,347838771109
525274715,657685;1114,40866384931;207,698627168179
525274730,592594;1113,85999175078;203,944371912894
525274742,499295;1117,12147561141;200,423092092458
525274760,750222;1122,99196630399;197,25156341884
525274775,588054;1130,37211714849;196,462671364219
525274787,289483;1133,27543211751;196,564636572015
525274805,665712;1154,17565315187;192,825975417267
525274833,756496;1157,67410696611;194,188871396533
525274850,565378;1172,72574828002;192,497404694589
525274865,455384;1171,34559812175;195,669378672477
525274877,155529;1171,16428656476;196,612798268891
525274895,69726;1172,56868621768;202,675745752798
525274910,560751;1172,5211430242;201,223747973079
525274922,477716;1172,54725439042;202,6134381758
525274940,655087;1172,05677281927;204,710172383971
525274955,692632;1170,84148964603;204,892061093938
525274986,702572;1169,50993152761;203,470474443518
525275000,986167;1166,82123877257;201,962294011507
525275012,272345;1166,2321640811;201,371112337631
525275030,469815;1163,44778571462;198,634560120702
525275045,762669;1161,21851540991;195,936718085254
525275057,40166;1162,83219976753;197,052241162074
525275075,718873;1163,77811089387;201,302753647399
525275090,719213;1163,16008309621;199,742775997658
525275102,213658;1162,79771727276;198,496509831496
525275136,683307;1163,98410477973;200,641393594593
525275147,213395;1163,51223848402;199,885512473957
525275180,65069;864,672984960955;210,968382253398
525275192,235797;798,948881635901;231,691187720198
525275225,939093;745,973322320724;236,976575373626
525275237,198756;746,529043018797;239,373203877742
525275283,304403;675,973863860134;249,44746927721
525275300,398957;676,311078794961;246,822849450247
525275315,551969;677,227983150678;246,794378557227
525275327,019471;680,572459341819;245,162315878629
525275345,80026;690,887688859973;229,572276007457
525275360,54914;689,706383870173;229,609288825077
525275372,333961;688,270745694766;230,554094638954
525275390,913325;688,783767123409;231,085650781414
525275405,871755;685,651475750068;233,367784582602
525275436,948836;679,890896719257;259,756489174693
525275450,758164;681,38877101557;259,888465407041
525275462,457454;681,549666499589;264,143257308944
525275481,018857;682,515001679579;260,968921372696
525275495,840865;682,204332903618;240,331587918015
525275507,458046;681,701288952754;241,368552209816
525275525,958295;680,414814516491;242,841878686871
525275540,755927;681,605680410649;246,212070586198
525275552,451796;683,227917158518;245,271706115726
525275586,704625;682,291136673802;243,415566517112
525275597,454527;680,282304520289;244,742045360585
525275615,605383;681,493048947144;247,80407072756
525275630,672864;680,47483097495;259,832626616417
525275642,366595;680,20669161217;260,208084464124
525275660,377181;681,376680161734;260,993176319511
525275675,622994;689,584242424211;252,223279515537
525275687,649866;694,201857293853;251,709846645242
525275705,669432;702,736127483674;252,959379139493
525275733,271837;705,441614921951;252,995075084424
525275750,890693;716,902574044395;250,686797267612
525275765,53266;725,081389962221;240,202405023749
525275777,329455;724,463882545735;238,610372887181
525275796,060208;722,633581410467;239,064174683453
525275810,540095;721,192013973989;247,823456916813
525275822,430118;720,440620027303;252,68722220399
525275840,581402;720,843954205968;247,97022599729
525275855,44917;720,925063001314;248,309224418544
525275886,639152;720,291939258823;252,416067191813
525275900,63408;723,900291510407;243,908174011416
525275912,330377;726,212368526257;242,255751663005
525275930,703185;728,529001470444;238,044279893069
525275945,926759;729,160582214711;238,03822015817
525275957,528117;729,157311480959;236,249047615353
525275975,750819;728,029514678302;235,953047773353
525275990,57069;732,320292185254;235,195869167647
525276002,407256;750,54927375585;230,861305460923
525276036,434285;764,872672047346;227,842981945714
525276047,690099;773,528396104176;230,504830231068
525276065,694698;778,650077409194;231,336349087746
525276080,554768;779,95675128943;227,72815713897
525276092,32847;781,363786582355;227,294186938946
525276110,830856;781,069870409076;226,157678178408
525276125,619508;783,700170570652;232,529174401522
525276380,101841;798,336018239419;343,775115912412
525276395,293769;799,028089628445;366,052416785387
525276605,431529;905,018118310162;348,345586787173
525276633,411551;774,294145238681;390,675103322715
525276650,734044;774,294145238681;390,675103322715
525276665,670236;780,66243061278;381,280944366462
525276677,296398;791,268012470317;365,510700614679
525276695,830431;817,185668811792;327,081604733733
525276710,392854;849,821328811433;277,685893424976
525276722,193071;862,564582912461;246,760423154059
525276740,516271;863,311452089616;245,151298497278
525276757,231925;848,431480167004;247,690515620185
525276786,739949;848,060244123959;240,287730721524
525276800,406441;847,702713232881;235,734776726249
525276812,730959;846,873169215508;234,682019177056
525276830,549102;842,432024991374;211,165732773568
525276845,692705;845,07732259694;203,484478263223
525276857,284227;860,353621355127;211,578085473283
525276876,019684;863,2546184528;212,828218586094
525276890,499571;866,998906451695;213,937974388566
525276902,156951;869,405354015156;215,97778352202
525276936,96359;880,965834417673;222,479617886586
525276947,324755;881,359876019236;223,549376465816
525276965,684734;884,936402559664;232,303541733739
525276980,41608;883,517834451656;234,083168291137
525276992,175242;884,530003651593;233,416780380692
525277010,473638;880,19706228112;225,434605329822
525277025,701489;878,650466044584;221,065153536908
525277037,43157;878,630874920045;220,114001239432
525277055,742796;877,023708200122;215,614040796226
525277083,313554;879,129141246036;209,854537703825
525277100,651871;880,724911059825;206,464135814984
525277115,780934;882,102081347567;207,611069647776
525277127,403674;882,334383905626;207,744740716739
525277145,761087;882,012676344788;208,548312696817
525277160,487729;872,182350263343;202,321909051484
525277172,311466;873,409217418555;200,85851207971
525277190,465744;873,818986675446;200,893289578871
525277205,59609;874,413626905802;200,477271296095
525277237,106383;877,651019897908;204,885466447586
525277251,115425;877,606747762184;203,978708490316
525277262,434104;878,208561161968;202,722287481682
525277281,006626;878,730079543904;204,260600732962
525277295,946239;879,05960249021;204,493974670292
525277307,573256;882,365433956464;210,580275091469
525277325,822472;885,040592143041;208,038160076446
525277340,712478;891,616615437197;206,567147853625
525277352,506707;904,351332694017;203,926129501704
525277386,805722;911,745474907369;203,184699559023
525277397,403379;912,742871741188;205,84909325551
525277415,821946;922,055773727603;203,882104952001
525277430,419865;925,52208641149;202,645236964947
525277442,536544;928,898770010132;204,637533507419
525277460,896095;929,903682540362;205,249392162189
525277475,719386;930,603317930062;204,52853105662
525277487,241201;930,66149538824;203,630253562685
525277505,924057;930,724082936228;204,275306206638
525277533,431095;930,758648358636;207,300332968424
525277550,781385;929,678723752941;208,821509593961
525277565,645732;929,107070405181;203,40153379957
525277577,303112;927,013690743653;201,899187721887
525277595,65582;926,722321422889;204,833391648564
525277610,561649;923,84626821101;214,239637564303
525277622,324659;921,961615779262;220,246508364562
525277640,669242;921,425091436785;222,012451601554
525277655,696952;921,283698385996;222,229456817086
525277687,035756;919,546970739392;227,199085222574
525277700,436248;920,867880692768;225,374017179445
525277712,022211;922,285765782776;226,87720184317
525277730,507491;935,282438784474;223,639631908659
525277745,564281;961,059709136461;218,160831281302
525277757,136986;965,416398398602;218,624815745264
525277775,642366;976,482011632612;228,802948240302
525277790,566156;976,952145281214;229,724882096863
525277802,285974;982,226461366076;226,586871979482
525277836,645716;985,180637057527;228,710128859828
525277847,18393;986,074959397108;233,168051656404
525277865,562297;985,408297374991;239,482757026831
525277880,559643;986,12595341576;240,207673580645
525277892,08274;987,749695124065;241,359492916999
525277910,453838;987,678149948004;240,405619874645
525277925,619252;989,289825545729;242,066323868394
525277937,428448;992,012549266475;242,62034324332
525277955,551079;1005,00736562117;243,609651462109
525277983,136806;1010,75103590429;244,322730750002
525278000,829646;1029,76917111524;242,971364378978
525278015,479738;1035,27844357312;238,217931553379
525278027,186726;1036,56266773317;232,839384805824
525278045,603582;1037,79427004734;234,6740985776
525278060,438421;1041,88363609979;237,91754015367
525278072,356669;1046,60323211868;235,442262247888
525278091,031827;1047,84979847717;234,153084243374
525278105,773437;1046,61106882511;232,882873672062
525278136,799628;1047,82209038873;226,604848328319
525278150,492634;1048,41766519067;215,883049618972
525278162,253934;1048,67527966417;214,145678322777
525278180,815764;1047,44583855956;214,819699674877
525278195,467995;1046,72526962113;216,672320622231
525278207,184819;1045,66135531663;217,253658737452
525278225,724839;1045,0692788939;218,282657142275
525278240,700375;1049,5973003956;215,897608914193
525278252,423614;1046,66519570525;219,767718402027
525278286,43653;1068,18702058524;230,823156534916
525278297,502894;1071,37030001286;229,742983450922
525278315,803429;1103,32782615402;203,852789015573
525278330,429145;1105,43091309319;202,490722325485
525278341,879114;1102,89003395574;204,316725569029
525278360,689838;1111,52249255654;204,780582148836
525278375,707711;1112,26062780478;205,771693502664
525278387,221828;1112,8132218048;208,268604467894
525278405,654507;1115,32215591512;207,820541757759
525278433,174375;1107,30390562263;232,012366278629
525278450,502;1101,94477450336;247,967972263228
525278465,355655;1110,70093408143;233,228424753239
525278477,100704;1091,71530816057;264,194652513451
525278495,379428;1095,32697754222;258,124498149911
525278510,330588;1100,31907977677;253,443678485273
525278522,209492;1112,03665725968;234,176404577623
525278540,471538;1101,92207299164;233,798986626347
525278555,190911;1086,63671999913;247,15700148199
525278586,604554;1005,95105006692;244,02722617712
525278600,252229;979,291510908203;242,731591442131
525278612,01524;791,324054510986;266,146919331732
525278630,663456;692,67906831413;279,834719522337
525278645,189102;672,105850938315;287,940168568411
525278657,239922;659,565174756277;279,554840464724
525278675,545588;638,158527375827;278,995887779888
525278690,264961;637,83967519391;277,613260345298
525278702,074158;637,384812363761;281,616300189211
525278736,538675;633,324394927635;267,822235442243
525278747,053795;642,918630665547;264,950030744229
525278765,39239;641,457463077665;266,249261943725
525278780,733997;654,241257677091;278,730142473053
525278792,240416;653,023800297181;276,023531131408
525278810,273668;663,541569514384;283,727182210316
525278825,405725;673,599219716265;282,684778571522
525278837,296603;686,024154458491;284,176674103706
525278855,391437;694,657333329189;288,801955404326
525278883,015652;712,006969524664;298,149925982251
525278900,337717;718,584669535807;301,805175545455
525278915,306411;717,746530136033;304,051363401245
525278927,164788;719,973974931058;301,591527792488
525278945,33831;719,623968082162;302,115162155153
525278960,217196;715,036717052568;309,334544298353
525278972,06702;701,288891100874;322,87111036921
525278990,419728;702,51383236576;321,092054891844
525279005,554351;704,323772756488;315,362488757287
525279036,460371;702,705956150064;316,921274174387
525279050,356513;715,284950973108;297,765345996725
525279062,13107;730,838022990765;285,058330938024
525279080,380286;732,156393417774;282,468541666723
525279095,475137;738,380651310791;288,424916098363
525279107,225745;740,759759010067;294,887073809794
525279125,771752;744,825220596958;298,269747724234
525279140,344012;745,968576164076;301,266601553651
525279152,273807;753,270826833764;301,331366725834
525279186,393209;757,017149770921;308,83078987791
525279197,186303;757,239141993226;306,892500530936
525279215,816985;757,090395440218;300,90132546261
525279230,210914;757,542279649583;297,904873095905
525279242,190317;762,865694904515;303,859581324665
525279260,442526;765,741616048983;305,631117893428
525279275,513001;764,213183748082;293,406977527308
525279286,973661;763,054293953515;292,788726746179
525279305,444402;761,092647957366;291,700810715627
525279333,070755;762,481863507962;275,139416684622
525279350,217055;763,888142252306;274,527045922085
525279365,239205;769,367887045308;278,830690088088
525279377,399077;776,774881422922;280,341177912349
525279395,543946;791,920404548086;278,752522383756
525279410,368093;787,802530819275;276,871538936829
525279422,274795;793,193907722102;282,219700461679
525279440,250314;794,460958354431;284,565773308157
525279455,310525;800,928047381504;283,879811151476
525279737,289205;765,310250830463;518,742976927181
525279755,410981;842,051872193344;428,985026743154
525279782,974896;809,765743716667;333,625976393028
525279800,115637;805,24178268998;295,349070017292
525279815,177132;823,333806709745;292,220962874361
525279826,958531;815,606019346006;290,334811752477
525279845,344596;820,696618250859;288,394531541935
525279860,237595;836,230653691214;282,491501645547
525279872,046792;840,089730696439;304,606462311983
525279890,104848;840,903378610709;300,570752311312
525279905,221081;840,642323914739;299,957294612435
525279936,405504;841,536185923983;291,505960257345
525279950,648471;841,193415697808;291,720642172437
525279962,265652;836,468098332145;295,387898698236
525279980,572601;836,194786614936;295,293360414367
525279995,56396;835,636635699737;295,156781672034
525280007,100743;834,538883837345;285,170103029008
525280025,402132;854,186434414904;287,493439222448
525280040,497839;876,862917603615;288,147879269636
525280052,153936;879,159323162149;288,334421220139
525280086,53891;907,666184008756;287,656483541085
525280097,063011;909,212656840462;287,765879233028
525280115,487565;909,522007673523;284,931434596051
525280130,236017;909,922970143229;285,796268893935
525280141,990902;910,163398041664;288,385830245594
525280160,373118;911,083085404548;289,416803688302
525280175,432047;911,355274305876;290,142635010976
525280187,344735;909,966236400223;289,308469457738
525280205,507993;901,004991005964;285,036511124805
525280232,991938;892,039430879342;284,034337740267
525280250,651849;889,349280965249;283,773611059759
525280265,320331;883,10527246394;283,417346124539
525280277,033306;878,396449744534;280,660487674042
525280295,561779;876,974598185788;279,357275997968
525280310,326055;876,830416815628;279,387628184947
525280322,022779;875,213848719322;274,609226438394
525280340,514047;874,401906554372;274,569447057512
525280355,509683;873,869295130899;273,974508789449
525280386,637655;874,99612944082;278,264872925801
525280400,354182;875,893956924446;279,394925497204
525280411,995311;877,05512136576;279,584351751952
525280430,397199;877,530149574396;279,690988868415
525280445,511295;878,455025684246;279,503950594823
525280457,016431;878,824920156662;278,680830909358
525280475,395226;878,49544593482;278,595729663731
525280490,34553;879,546158377771;276,394015803524
525280501,931065;880,902421466342;277,151340380114
525280536,401569;896,005535422519;282,956323337815
525280547,320393;902,403397477758;284,881361216977
525280565,62606;923,296093101802;280,819624597576
525280580,475866;923,453342940055;283,119523117664
525280592,116995;927,31980197701;281,361711441094
525280610,482961;934,037111207158;280,81519035005
525280625,244671;935,475092260791;281,679328237333
525280637,202691;936,245563030658;281,894329606868
525280655,927029;937,013564596878;281,90083719608
525280683,118032;935,280165794199;282,812330090603
525280700,50339;933,235491541341;283,689444031373
525280715,309576;931,117982172429;284,151788168206
525280726,974226;929,851403717446;283,809876100268
525280745,44069;930,749814369637;280,50319870213
525280760,249869;935,191680328583;278,042643716797
525280772,013735;933,940589392687;278,215335386744
525280790,390391;933,965601928412;274,447171297633
525280805,658014;934,686155652332;274,014130456025
525280836,528539;943,529678273122;275,908874937656
525280850,263883;954,655009607842;276,812117375902
525280863,788394;961,16667317782;277,739784476248
525280880,480528;975,976814014679;268,413505582449
525280895,608308;979,249483584162;264,941233746511
525280907,323421;977,499856277523;265,496395177023
525280925,733435;984,697348753596;263,815988686061
525280940,60719;982,010298016524;265,439581960688
525280952,262859;986,777478060011;261,69556206407
525280986,470357;985,965944515714;263,520830130927
525280997,118477;984,332663472024;268,444057076383
525281015,909529;984,806294165232;273,538983784363
525281030,305596;985,476450647995;274,542633039705
525281042,192198;985,106044253207;274,51213070246
525281060,361016;984,495756867558;273,909921775795
525281075,507613;988,151387391293;258,271391026138
525281087,26036;987,777562381572;258,359453692846
525281105,70929;986,684847023673;250,869389714491
525281133,051681;983,613583279184;253,615162158564
525281150,250583;989,199031661763;260,298263894611
525281165,83809;995,496735590396;262,07173641954
525281177,34066;1003,80534102971;261,956668292935
525281195,441481;1025,5889638725;272,905748311011
525281210,31994;1030,0962654797;273,973721167933
525281222,123577;1031,63984257743;274,328929825907
525281240,338581;1028,87793253163;268,921740246765
525281255,276056;1028,1009639424;269,474922077007
525281286,401462;1031,99871883231;270,223123302967
525281300,304446;1040,72263864478;271,009789933537
525281312,398032;1035,93106874817;269,146561378284
525281510,231373;1015,88550477516;398,140996708827
525281524,841694;1023,59138548843;374,972820852304
525281554,759409;1030,78140568383;338,253362617374
525281600,043963;1037,56146344782;336,299544202665
525281615,128123;1055,52656192112;298,941799078647
525281627,073741;1047,34699696266;305,879912683216
525281645,132224;1050,89985456392;299,726527471725
525281659,982458;1055,50590686876;301,8657807945
525281671,970841;1060,06936862218;301,894516107204
525281690,302594;1062,17223196532;302,442774552489
525281705,552683;1057,15591815325;294,716199845148
525281736,830334;1062,52807589023;295,291987586124
525281750,556697;1064,70355718576;292,698709587277
525281762,493762;1063,66303446254;291,451669181487
525281781,933562;1054,88297584411;293,412808898622
525281795,636832;1056,9417198562;287,908897801988
525281806,821229;1056,01386575424;281,77691458797
525281825,540435;1056,43661402102;283,828405190127
525281840,28846;1054,93877286824;279,932752473942
525281851,963374;1056,0204848959;279,730207884138
525281886,517698;1073,81775668249;276,88112235059
525281897,143153;1082,68057911565;272,903984498572
525281915,555732;1086,14216650791;270,802452792225
525281930,482088;1086,94565036708;270,992945322054
525281942,009035;1092,50261449349;270,389805644663
525281960,369868;1112,75084816475;266,151377608084
525281975,356951;1116,72233545334;264,992684981922
525281987,381685;1110,97689265248;265,24660956859
525282005,416647;1118,95455215488;266,324546814404
525282033,026322;1120,8811778462;262,093699975171
525282051,7853;1121,54948878837;259,554828798969
525282065,169113;1122,4676390871;257,994122447997
525282077,158779;1109,50752801106;269,439682183325
525282095,348979;1117,86139535409;259,609141802321
525282110,766281;1117,17490746822;256,403247600462
525282121,988311;1107,23140134959;267,970892223087
525282140,258909;1108,57029251615;267,600432914145
525282155,201944;1110,5523307857;265,093202198693
525282186,474035;1120,98782532861;260,13557754052
525282200,195694;1146,49445738292;263,130998231339
525282211,746589;1145,76737759532;277,409757843318
525282230,261805;1146,41877073882;277,32411427882
525282245,152238;1153,56105419435;273,769947668371
525282257,19921;1166,65485731518;266,107392368713
525282275,316281;1178,44920652492;262,935940073357
525282290,220399;1197,60171250638;258,07900663188
525282302,102297;1213,6828740771;270,686980784032
525282336,3671;1220,39781684473;255,142906215713
525282347,031044;1219,72212226663;257,444469714292
525282365,395298;1203,86821940147;267,380298491606
525282380,207899;1196,77790969811;273,465025670414
525282391,828073;1163,32732937782;274,317203915745
525282410,068737;1012,14265806609;282,683935211674
525282425,707562;851,507017943476;306,32902077886
525282437,00272;833,979549469444;310,117121670072
525282455,425563;807,17235520793;308,478990384705
525282482,824405;723,570703818346;307,740485436939
525282515,214808;691,613441217975;292,519793950277
525282527,032985;683,598281609501;305,255966881105
525282545,297169;693,849051475077;282,619083974439
525282560,114902;691,972881533511;284,463037726076
525282571,755603;691,18192582537;285,640224052234
525282590,312302;673,88105203149;289,87470388121
525282605,262606;671,924203051208;289,482402357316
525282636,341398;669,01439562284;292,619595153625
525282650,226421;672,104095144151;301,42138988137
525282662,141675;670,855946588474;309,537431336076
525282680,136866;668,064558718093;308,467870576437
525282695,24027;669,508584896238;310,573388575311
525282707,189737;668,310098501929;301,172237533512
525282725,335034;667,249271055063;291,372163647062
525282740,256258;676,082027835561;295,304786217882
525282752,396458;681,994985207586;291,343359587504
525282786,447007;682,545170030785;291,017106362157
525282797,115655;685,919919603254;288,924297687448
525282815,50343;688,733271120174;293,937947099983
525282830,343828;695,695083633184;308,365468768888
525282842,596073;696,829285645646;304,566553053916
525282860,284209;705,573994405262;305,619995737844
525282875,723748;709,677156775864;309,542133736544
525282887,336225;710,814925359483;310,521108020023
525282905,529847;713,719307717852;317,232494809645
525282932,993264;711,383858482402;319,584345255017
525283309,856493;751,178103469488;336,664612064889
525283324,874794;769,376114972933;344,592011899302
525283336,627541;769,376114972933;344,592011899302
525283354,957156;770,292988304576;346,594452695864
525283382,891419;768,301577664842;344,018197385457
525283400,396519;768,834104103703;346,178117892143
525283414,981609;783,741083618555;364,489978861219
525283427,074339;779,636906853742;346,516741122211
525283445,136671;777,628108567397;327,845841240802
525283460,067304;774,760299729181;327,141354412596
525283471,864099;779,412155061247;324,827013117946
525283490,1069;790,423265626248;331,478051203485
525283505,114083;793,181655090089;330,882710452327
525283536,608125;811,265087099759;325,932879125608
525283550,451665;823,903574073346;316,224695084284
525283562,021377;824,565557155767;311,382370954528
525283580,244506;831,445256721539;304,883899055537
525283595,211489;835,534136335341;302,205362129345
525283606,880844;840,160138968941;292,711089790164
525283625,176246;840,205930371936;296,254415053524
525283640,233464;844,490955910978;289,028385332369
525283652,171384;848,068901095243;282,37741036551
525283686,442602;851,253813625807;274,395581333197
525283697,093716;850,19522068276;275,752785327902
525283715,393823;840,849612210283;282,396164590449
525283730,30008;839,704081246102;283,239293563852
525283742,145199;839,771205531906;286,676752755894
525283760,200261;838,509553445376;286,611889773849
525283776,742716;833,843570981116;284,705260571546
525283787,050425;834,609960511353;285,858989038113
525283805,421522;834,259098619243;286,717093862507
525283832,876387;833,952576453576;287,721824016673
525283850,269443;832,033971910266;291,196141636209
525283865,298008;835,451439556953;298,604477010626
525283876,898082;836,457118943852;302,867558947672
525283895,404318;890,340095722663;289,694130277528
525283910,598384;921,541224528352;285,07646336955
525283921,840086;927,479258256733;283,376680640351
525283940,221875;931,883756040435;281,704650703057
525283955,228202;939,818260665631;284,91345654566
525283986,726521;947,686740502855;285,178062973795
525284000,586312;948,059223148863;273,735924799765
525284012,019174;947,907832620796;273,267163013229
525284030,236744;946,582919080426;274,122275115279
525284045,185766;944,188431825214;283,929998235683
525284056,898741;948,787403905588;286,888039588972
525284075,406687;949,702318335636;287,077194931778
525284090,409593;949,341366842331;284,981111102911
525284102,037037;948,580211687662;282,691380425994
525284136,40576;944,788790633089;280,786284079489
525284146,776334;940,276033195535;281,980144222793
525284165,481428;939,264037728939;281,568955082315
525284180,251691;922,573898463603;292,813258285568
525284191,777781;922,404063203669;290,94832301131
525284210,205329;922,159457784627;290,438711171758
525284225,286067;921,69400397323;291,432071908366
525284236,833541;920,887406984484;293,437309453458
525284255,193947;919,78171004931;294,592971715831
525284283,023435;924,684898754895;298,674109823145
525284300,472086;926,315124341253;303,488769006065
525284315,383046;939,656105647668;302,076542893699
525284326,828311;952,185496949621;305,590339308837
525284345,488501;961,174777723022;306,820259812815
525284360,319063;968,063141690394;306,139916381298
525284371,826765;968,950435481757;305,461436445953
525284390,138418;972,463931711499;307,546694079792
525284405,129778;974,061442925278;304,240958711815
525284436,403579;970,701220600761;303,317481552001
525284450,155601;968,471765177261;298,067201783822
525284461,774921;969,673715136839;299,203310491867
525284480,15286;968,525603133053;296,946254180048
525284495,317419;967,781354813954;298,907055277074
525284507,029966;967,048914119655;285,704791666128
525284525,178256;968,957167349604;274,544907360828
525284540,208104;969,054421891189;299,699724655998
525284551,978812;970,391094578897;313,007249502434
525284586,291513;971,18363503398;329,151543490591
525284596,836996;986,903230944803;325,641950810636
525284615,334679;987,529018465765;323,950701544297
525284630,093395;1012,57513272877;307,83519048714
525284641,828608;1012,69488850861;307,667054226267
525284660,10947;1018,74880759026;304,283104789049
525284675,204322;1019,93891564666;309,794546793822
525284687,184152;1023,04814042332;307,824588942262
525284705,22895;1023,47803944356;308,85228301429
525284732,750101;1021,34882737502;314,463722886575
525284750,614002;1023,2409809924;315,180376196376
525284765,044281;1022,02726365926;315,52507723803
525284776,881276;1021,39752932397;314,916685812685
525284795,336193;1020,61395446778;313,721686178752
525284810,128693;1019,89933809407;312,24326829439
525284822,161125;1021,32105533968;308,057767174618
525284840,165296;1021,4293131743;306,266368523096
525284855,10491;1024,6228610149;311,464056524495
525284886,709714;1025,46144242712;314,015889378067
525284899,972074;1025,96140883619;314,507554321785
525284911,783837;1027,61275987298;315,039996602602
525284930,175462;1031,39913588699;313,327717619111
525284945,108232;1031,65651239467;299,050323666242
525284956,886638;1038,09922028485;294,742780232303
525284975,499359;1054,64863351742;298,418693346722
525284990,112246;1054,95077100073;300,476679875826
525285001,839334;1057,92652682456;301,637081584436
525285036,218748;1062,40825981035;299,924775066448
525285046,825386;1058,66583001898;297,482189434244
525285065,37738;1057,46091458236;298,733899168544
525285080,06981;1054,31363444117;292,55140252603
525285091,926904;1053,50131752003;293,963921567873
525285110,58966;1053,44135000996;292,826834314112
525285125,451868;1055,40037855641;293,844065043759
525285136,903975;1054,97053632212;293,76153114142
525285155,429455;1054,29817569141;298,399241325971
525285335,969384;1019,58869994156;299,17084227454
525285349,777856;1046,10717773438;345,610131275122
525285361,939438;1053,01776723926;383,724612767043
525285379,819591;1052,71614775168;368,609968144351
525285605,029963;1058,71833861343;348,870758134725
525285632,757243;1103,46061646469;394,163211803247
525285649,962559;1109,43509935091;380,283915043152
525285664,758481;1112,03717280117;374,246423619479
525285677,312221;1109,52503153681;373,446390935093
525285694,975553;1109,75718108323;364,183587688616
525285709,984019;1107,38426309154;354,364980185556
525285721,614029;1097,91865370611;341,670818092849
525285740,038155;1093,78851609877;343,363540169414
525285755,111624;1078,31835604174;364,018258857866
525285786,292197;1093,03179697947;353,490880633094
525285799,979644;1100,71160376702;346,199548584334
525285812,111718;1110,41848958618;335,753604663377
525285830,073552;1120,29068285396;324,573875404344
525285845,877451;1122,16023937449;318,953012975543
525285857,078098;1121,68684317311;320,743216314396
525285875,469295;1120,13913488881;324,1600886478
525285890,079616;1120,32628817285;323,958405294089
525285902,129581;1121,56719125147;324,700661731619
525285936,278491;1120,40965946455;320,600918783093
525285946,867167;1117,18010068752;321,31849483812
525285965,178821;1110,3249879777;315,047162414718
525285980,013659;1102,05334605182;311,808011794559
525285991,816441;1093,21635450659;312,843216685563
525286010,029735;1104,64554996988;308,463146741804
525286025,076261;1105,01335800931;311,102668692986
525286036,649821;1104,5666533259;309,847413154995
525286055,147076;1099,81539796569;310,628060970247
525286082,790963;1113,30643400993;306,201206632082
525286100,578315;1117,01909515769;304,319302735036
525286115,128336;1162,53337704745;289,188753969037
525286126,993556;1156,26967652229;291,370402728729
525286145,167933;1164,03521040536;289,909113087637
525286159,930498;1157,55247156091;293,178694502014
525286171,85174;1173,98595275135;286,402522302999
525286190,166814;1178,00391489973;289,019592330944
525286205,089322;1177,22229129082;288,134588791892
525286236,21986;1176,81998622717;286,247300277458
525286250,328544;1173,55620589536;279,660028609152
525286262,059908;1174,21766633576;280,581268375131
525286280,643976;1174,49843579579;276,948451416148
525286295,285516;1175,88760499437;276,359272030999
525286306,813317;1174,72896022235;276,146403832425
525286325,217771;1173,33330802096;281,851125976517
525286340,241205;1173,64537419049;281,008997946275
525286351,76644;1167,7114227649;284,286201208781
525286386,325468;1167,93193443703;287,027836465874
525286396,822627;1168,71282529814;290,42737800537
525286415,124445;1171,12972806769;297,067496127521
525286430,017444;1171,82089530341;298,32873799102
525286441,720583;1171,62205042567;298,709241121577
525286460,107076;1174,5310928992;303,419105734107
525286475,004351;1174,73535740759;302,455413448904
525286486,719465;1177,94557273703;298,368642967711
525286505,188494;1177,64284222432;298,725976481055
525286532,76695;1173,96128595294;295,104790383201
525286552,339751;1173,8511453816;292,645897649944
525286576,756144;1174,45292122572;295,447337549856
525286595,122537;1175,27851841131;297,107571231432
525286610,127582;1036,73814726123;310,568682182573
525286621,820457;721,339780006783;358,636461074534
525286640,426335;693,382143357696;362,605311847988
525286654,958824;681,135891954427;364,386355395818
525286686,149233;660,883890458527;367,284935526623
525286700,450361;665,161369318755;363,502777312306
525286711,804535;669,067653733009;361,97770745447
525286730,085826;676,102746495261;358,083632303771
525286745,23114;678,056920173314;356,342596366662
525286756,837629;679,215286557789;355,625030483658
525286775,124479;678,04639398016;355,813008064112
525286790,238575;676,885659552396;356,327256552874
525286801,800588;677,534650383102;353,553954180206
525286836,541796;684,77212675076;329,26678209045
525286847,141592;680,832395632707;331,138306796718
525286865,548612;690,261110024918;357,456048113399
525286880,52201;688,214749334212;352,291714026236
525286892,234129;687,16444223655;347,888121086458
525286910,112143;683,694763721498;361,987612966378
525286925,062448;679,578873517467;361,236567818627
525286936,863092;685,414940076156;360,650532902337
525286955,588713;688,912936696741;341,518186687012
525286982,808369;693,655233999444;349,648305109665
525287000,134711;697,01554137291;355,876871172472
525287015,614021;717,011532419619;347,222745865732
525287026,67953;722,897760434112;347,221520608336
525287045,08484;727,233701444656;346,655108671998
525287060,018466;739,275073421168;334,752270365162
525287071,610843;740,189314459978;329,349690273224
525287089,973387;740,71107679248;328,15507749887
525287105,345357;741,490718355642;326,982275245747
525287136,183809;739,284071097648;322,212176415773
525287150,217226;738,310674819138;328,925449466638
525287161,764272;737,6747640283;337,147386054471
525287180,39752;751,342822143371;306,696618800977
525287194,848327;753,134108826795;305,119961308846
525287206,759732;751,774149563056;310,303880412475
525287225,099183;749,798678877424;326,688348244681
525287239,841221;747,247030786389;341,688014095366
525287251,758614;744,464156039498;345,681562503417
525287286,102106;742,859429354173;354,091616683199
525287296,687788;750,855491012239;356,798755412221
525287315,236361;752,058230919668;356,145648020848
525287330,006197;761,926007831078;349,848308605205
525287341,886811;766,292792521991;346,49529093526
525287360,359262;783,36530270911;345,759043784802
525287375,539216;790,926451190331;339,088301572896
525287386,912635;792,891557752875;345,77124740795
525287405,228138;796,199743764044;342,241684514678
525287433,164967;796,689106109531;345,396133445095
525287450,022601;798,119509728815;348,835194979683
525287465,113604;796,581224438066;348,758306414204
525287476,752167;794,135013762763;352,299593881492
525287494,933387;794,431878429644;349,05840567522
525287510,000013;792,071488051118;348,103536794727
525287521,831875;790,267642515914;350,167259174016
525287540,041747;791,621221146593;350,771204798569
525287555,192193;797,368362620328;346,486716447705
525287586,390728;815,632056752991;338,755745551879
525287600,51438;824,164624928858;344,854876711252
525287611,90234;832,98000972545;340,996841904583
525287630,238369;844,014793363135;343,619691492896
525287645,182687;844,21010820252;343,714014344282
525287657,060736;853,36246594309;339,698105054861
525287675,300116;854,877030249799;339,833504951218
525287690,31243;854,809329290874;340,814543732745
525287701,951849;857,653815699279;337,739255926999
525287736,051151;859,233134901279;335,729193271831
525287746,659499;860,105231829514;336,574768172147
525287765,054117;862,415002968972;335,159862198525
525287780,191306;865,16611885703;329,877662360488
525287791,666079;865,780660082443;328,84113246813
525287810,020925;864,886578244795;330,213138093114
525287825,183773;862,457014935412;335,907713428636
525287836,881353;862,13714387095;337,055719681086
525287855,001845;861,409517888721;335,376663412706
525287883,018645;860,237697180891;329,455364138031
525287900,022537;865,355123183325;324,533417149742
525287915,155877;868,931538548251;324,331239385745
525287926,740984;870,002299109804;325,269559930202
525287945,012866;883,405934540042;325,640942283856
525287960,100875;906,09229334239;328,936310465566
525287972,03794;917,868447042292;321,154325915723
525287990,010892;917,878686065822;320,329616146821
525288005,057846;919,644379792421;319,065690026408
525288036,236281;918,854101529786;318,108330719349
525288050,172194;917,916687450476;318,537970297401
525288062,232851;917,055643354485;325,705292069408
525288080,25199;918,459309147181;326,032537781419
525288095,324603;917,339521578122;325,07411129009
525288106,813061;916,504920870365;323,063618610323
525288125,414663;916,257681581264;320,853750353902
525288140,106237;916,705806609274;319,233336876461
525288151,759769;917,757879664161;312,40738659499
525288186,122504;928,445788804378;302,551141038281
525288196,919875;929,849287906573;305,11759696222
525288215,148564;936,383371311509;303,970129687774
525288230,025313;943,304751302695;306,822722797475
525288241,774211;950,702117748889;314,24918503749
525288259,917797;958,857343767681;317,574530281779
525288275,182426;961,042276676983;320,323696831222
525288286,777369;963,134016638368;320,918901593594
525288305,055665;965,050537130829;320,876773033484
525288332,649089;965,052856444184;324,475672982146
525288350,094746;964,792233367489;326,318909127546
525288364,938993;965,63256970673;323,788146298941
525288376,717399;966,40130404421;325,192095769015
525288395,051291;966,76391565894;325,313800537445
525288409,874582;967,091310875595;325,191855521696
525288421,597393;964,891284378872;324,765637374419
525288439,882532;964,148111041002;333,328264399275
525288454,89784;964,248195888103;333,436602684056
525288485,994166;968,591027366794;329,800913951397
525288500,46721;975,177024482944;326,052077204856
525288511,850465;987,89063739983;317,072726698099
525288530,103958;1007,25332658918;317,319465705287
525288545,215488;1010,885529837;314,753971088393
525288556,660325;1010,0077917797;309,368012456061
525288575,146033;1029,90576265718;300,426354370342
525288589,946659;1034,37755040945;307,598610751841
525288601,644238;1035,65222918638;304,70208972426
525288636,057437;1034,60240025538;297,283038007165
525288646,753455;1031,37564635123;299,702591271873
525288665,254558;1026,43075533309;301,667368252344
525288680,177921;1023,20750430258;311,239880919233
525288691,701446;1027,80566676463;311,381286839592
525288710,050732;1028,47809082022;313,808653195035
525288724,94031;1031,42784370067;318,502886379868
525288736,720855;1029,92685503168;322,60644580789
525288755,162087;1031,3860273834;326,236336960362
525288783,063848;1034,322400614;322,798526868589
525288800,174653;1038,32662308919;318,643109046733
525288815,154466;1046,73228831389;323,102548905413
525288826,988039;1051,19258447776;325,836059250632
525288845,380946;1056,39315662626;323,870511910337
525288860,20766;1055,4166389141;320,794713153988
525288871,658911;1057,37008244329;319,453867576463
525288890,373841;1061,16210048004;313,914930289107
525288905,303191;1065,21262840096;307,572799194986
525288936,517549;1065,05978443036;307,431854244564
525289114,570678;1054,26978884719;369,853278831955
525289129,748493;1109,68099278728;377,580171368162
525289159,559723;1105,34603655043;358,435696723595
525289174,75379;1104,02268800825;349,272218990347
525289187,013305;1085,73430123477;357,957731832847
525289204,812203;1095,84671352233;352,72553791346
525289232,304273;1099,43241728581;362,455762898593
525289249,949644;1109,80868851073;360,421744348416
525289265,146704;1131,19259934449;357,208180148299
525289276,733522;1129,47688122662;359,299214200717
525289294,993001;1134,51220415918;358,56998842193
525289309,725203;1137,66736082275;356,81542617786
525289321,645162;1147,78660293863;353,172977766643
525289339,861877;1159,57589579833;345,909288015674
525289354,701419;1170,787714678;333,029501746332
525289386,168092;1179,70672219482;316,801631868728
525289399,908996;1181,8958281784;314,56516767332
525289411,740003;1182,59038502844;311,852876970252
525289430,000766;1182,35211421041;313,758439003162
525289444,915147;1181,40709224628;316,532328982365
525289456,745299;1182,7791406251;318,349528339299
525289475,134358;1182,91064324539;319,152427337562
525289489,993145;1187,095940425;322,356597728924
525289501,920801;1184,08846588581;322,511679033035
525289536,336994;1148,27906781762;322,529919021275
525289546,949619;1005,38242162366;319,350321693839
525289565,127845;877,670475550539;326,448350605211
525289580,061471;858,434727976932;326,494049473305
525289591,817639;812,675284545154;324,851528688056
525289609,777762;689,194354022951;344,362719442192
525289625,342603;692,170456431566;341,877439235771
525289636,693356;683,97694675539;351,254030427765
525289654,711213;681,261525916936;337,301582009164
525289682,738704;677,665735380565;338,807634261468
525289700,470461;693,359523703737;318,369282596052
525289715,00081;690,267377812173;321,753733335458
525289726,448213;690,552870347746;327,008581627188
525289745,017314;702,02298954505;318,728933000574
525289760,075814;708,067351299866;314,569174386679
525289771,549731;704,4425765242;315,681616656607
525289789,874215;694,476246129443;353,520544157436
525289804,889095;696,440560827036;348,857748938908
525289836,393829;705,188065747854;361,885735344022
525289850,014562;707,821987648033;371,467232752831
525289861,773723;720,704901895668;382,982064375704
525289880,33256;726,016336641615;388,87541151459
525289895,040385;728,349929547175;391,483904818174
525289906,678521;727,200622129113;390,246201923072
525289925,156104;733,067258131404;360,758648524101
525289940,318524;734,028463255638;340,342844300068
525289951,928863;733,923184843357;350,043873009715
525289986,079055;732,611241879381;333,71930936171
525289996,828957;730,365657645659;336,081073358139
525290015,452796;728,74687473637;340,832905621023
525290030,018214;728,145511655348;338,731623214096
525290041,773954;725,864622219111;348,206734864494
525290059,912836;725,858999701977;343,551842508836
525290075,051735;727,808871383145;338,274469352778
525290086,61546;727,385063980055;344,227274198931
525290105,21364;727,380267313184;344,146096302003
525290132,703145;726,88454920328;342,648790153856
525290149,879808;729,253869182867;338,251300262237
525290164,885708;735,432609108686;334,119401965768
525290176,440451;735,959225157682;335,547133334514
525290194,974056;730,152420078317;324,368217801955
525290209,970548;729,507528253112;321,941908730495
525290221,603979;728,145322752826;320,952078618612
525290239,893822;732,283124701775;324,451518912009
525290255,075487;733,402387068896;325,681264100005
525290286,034964;733,50630999799;325,502880860823
525290299,821198;736,464314133649;326,459207665536
525290311,472164;737,849995120931;327,025089476168
525290329,850959;735,940251031764;325,634686356288
525290344,988575;735,110365206703;325,219812840489
525290356,586512;734,736256948215;325,061747278868
525290374,867374;734,572517539975;325,228593401171
525290390,237634;734,176470557883;325,711467377266
525290401,555458;732,796041814343;327,116928140454
525290436,202155;731,178568854878;328,419652187108
525290446,482921;728,286256209292;332,189438283651
525290464,801845;729,27688235224;338,609962237597
525290479,869754;740,808830370588;355,6552927029
525290491,746948;745,338836883494;363,889567309652
525290510,121894;1090,13624470179;882,222957815434
525290525,011044;1069,81695479256;851,695099166055
525290536,495225;1375,68131196359;1342,3545355846
525290555,251637;1365,37729167771;1326,52459479443
525290582,734299;1409,12803280376;1400,46596060844
525290600,221011;1486,38028829161;1525,81106101744
525290615,340238;1483,29509776497;1527,78140686179
525290627,116506;1476,64910599444;1530,38139293273
525290645,158311;1470,14872841448;1528,33783465695
525290659,849458;1474,8240214701;1522,62880366933
525290671,576118;1477,4242385876;1515,90784895357
525290690,232459;1476,36498610013;1515,50282047921
525290705,008282;1480,36331289982;1516,96921009978
525290736,242311;1484,13860948851;1512,76102644292
525290750,099536;1483,83668608316;1511,95022389903
525290761,46483;1483,7057649194;1511,56199112878
525290780,546258;1483,83767524915;1504,16599728368
525290795,353726;1486,97404045206;1507,77880622217
525290806,690795;1480,56104808626;1502,02588316823
525290825,276146;1484,23237675226;1502,56195085708
525290839,366441;1484,39134670345;1497,66197303563
525290851,398018;1477,22816197665;1490,62531589659
